% time	cellId	IMSI	frame	sframe	RNTI	mcsTb1	sizeTb1	mcsTb2	sizeTb2	ccId
0.111	1	1	12	2	1	28	2196	0	0	0
0.211	1	1	22	2	1	28	2196	0	0	0
0.311	1	1	32	2	1	28	2196	0	0	0
0.411	1	1	42	2	1	28	2196	0	0	0
0.511	1	1	52	2	1	28	2196	0	0	0
0.611	1	1	62	2	1	28	2196	0	0	0
0.711	1	1	72	2	1	28	2196	0	0	0
0.811	1	1	82	2	1	28	2196	0	0	0
0.911	1	1	92	2	1	28	2196	0	0	0
1.011	1	1	102	2	1	28	2196	0	0	0
1.111	1	1	112	2	1	28	2196	0	0	0
1.211	1	1	122	2	1	28	2196	0	0	0
1.311	1	1	132	2	1	28	2196	0	0	0
1.411	1	1	142	2	1	28	2196	0	0	0
1.511	1	1	152	2	1	28	2196	0	0	0
1.611	1	1	162	2	1	28	2196	0	0	0
1.711	1	1	172	2	1	28	2196	0	0	0
1.811	1	1	182	2	1	28	2196	0	0	0
1.911	1	1	192	2	1	28	2196	0	0	0
2.011	1	1	202	2	1	28	2196	0	0	0
2.111	1	1	212	2	1	28	2196	0	0	0
2.211	1	1	222	2	1	28	2196	0	0	0
2.311	1	1	232	2	1	28	2196	0	0	0
2.411	1	1	242	2	1	28	2196	0	0	0
2.511	1	1	252	2	1	28	2196	0	0	0
2.611	1	1	262	2	1	28	2196	0	0	0
2.711	1	1	272	2	1	28	2196	0	0	0
2.811	1	1	282	2	1	28	2196	0	0	0
2.911	1	1	292	2	1	28	2196	0	0	0
3.011	1	1	302	2	1	28	2196	0	0	0
3.111	1	1	312	2	1	28	2196	0	0	0
3.211	1	1	322	2	1	28	2196	0	0	0
3.311	1	1	332	2	1	28	2196	0	0	0
3.411	1	1	342	2	1	28	2196	0	0	0
3.511	1	1	352	2	1	28	2196	0	0	0
3.611	1	1	362	2	1	28	2196	0	0	0
3.711	1	1	372	2	1	28	2196	0	0	0
3.811	1	1	382	2	1	28	2196	0	0	0
3.911	1	1	392	2	1	28	2196	0	0	0
4.011	1	1	402	2	1	28	2196	0	0	0
4.111	1	1	412	2	1	28	2196	0	0	0
4.211	1	1	422	2	1	28	2196	0	0	0
4.311	1	1	432	2	1	28	2196	0	0	0
4.411	1	1	442	2	1	28	2196	0	0	0
4.511	1	1	452	2	1	28	2196	0	0	0
4.611	1	1	462	2	1	28	2196	0	0	0
4.711	1	1	472	2	1	28	2196	0	0	0
4.811	1	1	482	2	1	28	2196	0	0	0
4.911	1	1	492	2	1	28	2196	0	0	0
5.011	1	1	502	2	1	28	2196	0	0	0
5.111	1	1	512	2	1	28	2196	0	0	0
5.211	1	1	522	2	1	28	2196	0	0	0
5.311	1	1	532	2	1	28	2196	0	0	0
5.411	1	1	542	2	1	28	2196	0	0	0
5.511	1	1	552	2	1	28	2196	0	0	0
5.611	1	1	562	2	1	28	2196	0	0	0
5.711	1	1	572	2	1	28	2196	0	0	0
5.811	1	1	582	2	1	28	2196	0	0	0
5.911	1	1	592	2	1	28	2196	0	0	0
6.011	1	1	602	2	1	28	2196	0	0	0
6.111	1	1	612	2	1	28	2196	0	0	0
6.211	1	1	622	2	1	28	2196	0	0	0
6.311	1	1	632	2	1	28	2196	0	0	0
6.411	1	1	642	2	1	28	2196	0	0	0
6.511	1	1	652	2	1	28	2196	0	0	0
6.611	1	1	662	2	1	28	2196	0	0	0
6.711	1	1	672	2	1	28	2196	0	0	0
6.811	1	1	682	2	1	28	2196	0	0	0
6.911	1	1	692	2	1	28	2196	0	0	0
7.011	1	1	702	2	1	28	2196	0	0	0
7.111	1	1	712	2	1	28	2196	0	0	0
7.211	1	1	722	2	1	28	2196	0	0	0
7.311	1	1	732	2	1	28	2196	0	0	0
7.411	1	1	742	2	1	28	2196	0	0	0
7.511	1	1	752	2	1	28	2196	0	0	0
7.611	1	1	762	2	1	28	2196	0	0	0
7.711	1	1	772	2	1	28	2196	0	0	0
7.811	1	1	782	2	1	28	2196	0	0	0
7.911	1	1	792	2	1	28	2196	0	0	0
8.011	1	1	802	2	1	28	2196	0	0	0
8.111	1	1	812	2	1	28	2196	0	0	0
8.211	1	1	822	2	1	28	2196	0	0	0
8.311	1	1	832	2	1	28	2196	0	0	0
8.411	1	1	842	2	1	28	2196	0	0	0
8.511	1	1	852	2	1	28	2196	0	0	0
8.611	1	1	862	2	1	28	2196	0	0	0
8.711	1	1	872	2	1	28	2196	0	0	0
8.811	1	1	882	2	1	28	2196	0	0	0
8.911	1	1	892	2	1	28	2196	0	0	0
9.011	1	1	902	2	1	28	2196	0	0	0
9.111	1	1	912	2	1	28	2196	0	0	0
9.211	1	1	922	2	1	28	2196	0	0	0
9.311	1	1	932	2	1	28	2196	0	0	0
9.411	1	1	942	2	1	28	2196	0	0	0
9.511	1	1	952	2	1	28	2196	0	0	0
9.611	1	1	962	2	1	28	2196	0	0	0
9.711	1	1	972	2	1	28	2196	0	0	0
9.811	1	1	982	2	1	28	2196	0	0	0
9.911	1	1	992	2	1	28	2196	0	0	0
10.011	1	1	1002	2	1	28	2196	0	0	0
10.111	1	1	1012	2	1	28	2196	0	0	0
10.211	1	1	1022	2	1	28	2196	0	0	0
10.311	1	1	1032	2	1	28	2196	0	0	0
10.411	1	1	1042	2	1	28	2196	0	0	0
10.511	1	1	1052	2	1	28	2196	0	0	0
10.611	1	1	1062	2	1	28	2196	0	0	0
10.711	1	1	1072	2	1	28	2196	0	0	0
10.811	1	1	1082	2	1	28	2196	0	0	0
10.911	1	1	1092	2	1	28	2196	0	0	0
11.011	1	1	1102	2	1	28	2196	0	0	0
11.111	1	1	1112	2	1	28	2196	0	0	0
11.211	1	1	1122	2	1	28	2196	0	0	0
11.311	1	1	1132	2	1	28	2196	0	0	0
11.411	1	1	1142	2	1	28	2196	0	0	0
11.511	1	1	1152	2	1	28	2196	0	0	0
11.611	1	1	1162	2	1	28	2196	0	0	0
11.711	1	1	1172	2	1	28	2196	0	0	0
11.811	1	1	1182	2	1	28	2196	0	0	0
11.911	1	1	1192	2	1	28	2196	0	0	0
12.011	1	1	1202	2	1	28	2196	0	0	0
12.111	1	1	1212	2	1	28	2196	0	0	0
12.211	1	1	1222	2	1	28	2196	0	0	0
12.311	1	1	1232	2	1	28	2196	0	0	0
12.411	1	1	1242	2	1	28	2196	0	0	0
12.511	1	1	1252	2	1	28	2196	0	0	0
12.611	1	1	1262	2	1	28	2196	0	0	0
12.711	1	1	1272	2	1	28	2196	0	0	0
12.811	1	1	1282	2	1	28	2196	0	0	0
12.911	1	1	1292	2	1	28	2196	0	0	0
13.011	1	1	1302	2	1	28	2196	0	0	0
13.111	1	1	1312	2	1	28	2196	0	0	0
13.211	1	1	1322	2	1	28	2196	0	0	0
13.311	1	1	1332	2	1	28	2196	0	0	0
13.411	1	1	1342	2	1	28	2196	0	0	0
13.511	1	1	1352	2	1	28	2196	0	0	0
13.611	1	1	1362	2	1	28	2196	0	0	0
13.711	1	1	1372	2	1	28	2196	0	0	0
13.811	1	1	1382	2	1	28	2196	0	0	0
13.911	1	1	1392	2	1	28	2196	0	0	0
14.011	1	1	1402	2	1	28	2196	0	0	0
14.111	1	1	1412	2	1	28	2196	0	0	0
14.211	1	1	1422	2	1	28	2196	0	0	0
14.311	1	1	1432	2	1	28	2196	0	0	0
14.411	1	1	1442	2	1	28	2196	0	0	0
14.511	1	1	1452	2	1	28	2196	0	0	0
14.611	1	1	1462	2	1	28	2196	0	0	0
14.711	1	1	1472	2	1	28	2196	0	0	0
14.811	1	1	1482	2	1	28	2196	0	0	0
14.911	1	1	1492	2	1	28	2196	0	0	0
15.011	1	1	1502	2	1	28	2196	0	0	0
15.111	1	1	1512	2	1	28	2196	0	0	0
15.211	1	1	1522	2	1	28	2196	0	0	0
15.311	1	1	1532	2	1	28	2196	0	0	0
15.411	1	1	1542	2	1	28	2196	0	0	0
15.511	1	1	1552	2	1	28	2196	0	0	0
15.611	1	1	1562	2	1	28	2196	0	0	0
15.711	1	1	1572	2	1	28	2196	0	0	0
15.811	1	1	1582	2	1	28	2196	0	0	0
15.911	1	1	1592	2	1	28	2196	0	0	0
16.011	1	1	1602	2	1	28	2196	0	0	0
16.111	1	1	1612	2	1	28	2196	0	0	0
16.211	1	1	1622	2	1	28	2196	0	0	0
16.311	1	1	1632	2	1	28	2196	0	0	0
16.411	1	1	1642	2	1	28	2196	0	0	0
16.511	1	1	1652	2	1	28	2196	0	0	0
16.611	1	1	1662	2	1	28	2196	0	0	0
16.711	1	1	1672	2	1	28	2196	0	0	0
16.811	1	1	1682	2	1	28	2196	0	0	0
16.911	1	1	1692	2	1	28	2196	0	0	0
17.011	1	1	1702	2	1	28	2196	0	0	0
17.111	1	1	1712	2	1	28	2196	0	0	0
17.211	1	1	1722	2	1	28	2196	0	0	0
17.311	1	1	1732	2	1	28	2196	0	0	0
17.411	1	1	1742	2	1	28	2196	0	0	0
17.511	1	1	1752	2	1	28	2196	0	0	0
17.611	1	1	1762	2	1	28	2196	0	0	0
17.711	1	1	1772	2	1	28	2196	0	0	0
17.811	1	1	1782	2	1	28	2196	0	0	0
17.911	1	1	1792	2	1	28	2196	0	0	0
18.011	1	1	1802	2	1	28	2196	0	0	0
18.111	1	1	1812	2	1	28	2196	0	0	0
18.211	1	1	1822	2	1	28	2196	0	0	0
18.311	1	1	1832	2	1	28	2196	0	0	0
18.411	1	1	1842	2	1	28	2196	0	0	0
18.511	1	1	1852	2	1	28	2196	0	0	0
18.611	1	1	1862	2	1	28	2196	0	0	0
18.711	1	1	1872	2	1	28	2196	0	0	0
18.811	1	1	1882	2	1	28	2196	0	0	0
18.911	1	1	1892	2	1	28	2196	0	0	0
19.011	1	1	1902	2	1	28	2196	0	0	0
19.111	1	1	1912	2	1	28	2196	0	0	0
19.211	1	1	1922	2	1	28	2196	0	0	0
19.311	1	1	1932	2	1	28	2196	0	0	0
19.411	1	1	1942	2	1	28	2196	0	0	0
19.511	1	1	1952	2	1	28	2196	0	0	0
19.611	1	1	1962	2	1	28	2196	0	0	0
19.711	1	1	1972	2	1	28	2196	0	0	0
19.811	1	1	1982	2	1	28	2196	0	0	0
19.911	1	1	1992	2	1	28	2196	0	0	0
20.011	1	1	2002	2	1	28	2196	0	0	0
20.111	1	1	2012	2	1	28	2196	0	0	0
20.211	1	1	2022	2	1	28	2196	0	0	0
20.311	1	1	2032	2	1	28	2196	0	0	0
20.411	1	1	2042	2	1	28	2196	0	0	0
20.511	1	1	2052	2	1	28	2196	0	0	0
20.611	1	1	2062	2	1	28	2196	0	0	0
20.711	1	1	2072	2	1	28	2196	0	0	0
20.811	1	1	2082	2	1	28	2196	0	0	0
20.911	1	1	2092	2	1	28	2196	0	0	0
21.011	1	1	2102	2	1	28	2196	0	0	0
21.111	1	1	2112	2	1	28	2196	0	0	0
21.211	1	1	2122	2	1	28	2196	0	0	0
21.311	1	1	2132	2	1	28	2196	0	0	0
21.411	1	1	2142	2	1	28	2196	0	0	0
21.511	1	1	2152	2	1	28	2196	0	0	0
21.611	1	1	2162	2	1	28	2196	0	0	0
21.711	1	1	2172	2	1	28	2196	0	0	0
21.811	1	1	2182	2	1	28	2196	0	0	0
21.911	1	1	2192	2	1	28	2196	0	0	0
22.011	1	1	2202	2	1	28	2196	0	0	0
22.111	1	1	2212	2	1	28	2196	0	0	0
22.211	1	1	2222	2	1	28	2196	0	0	0
22.311	1	1	2232	2	1	28	2196	0	0	0
22.411	1	1	2242	2	1	28	2196	0	0	0
22.511	1	1	2252	2	1	28	2196	0	0	0
22.611	1	1	2262	2	1	28	2196	0	0	0
22.711	1	1	2272	2	1	28	2196	0	0	0
22.811	1	1	2282	2	1	28	2196	0	0	0
22.911	1	1	2292	2	1	28	2196	0	0	0
23.011	1	1	2302	2	1	28	2196	0	0	0
23.111	1	1	2312	2	1	28	2196	0	0	0
23.211	1	1	2322	2	1	28	2196	0	0	0
23.311	1	1	2332	2	1	28	2196	0	0	0
23.411	1	1	2342	2	1	28	2196	0	0	0
23.511	1	1	2352	2	1	28	2196	0	0	0
23.611	1	1	2362	2	1	28	2196	0	0	0
23.711	1	1	2372	2	1	28	2196	0	0	0
23.811	1	1	2382	2	1	28	2196	0	0	0
23.911	1	1	2392	2	1	28	2196	0	0	0
24.011	1	1	2402	2	1	28	2196	0	0	0
24.111	1	1	2412	2	1	28	2196	0	0	0
24.211	1	1	2422	2	1	28	2196	0	0	0
24.311	1	1	2432	2	1	28	2196	0	0	0
24.411	1	1	2442	2	1	28	2196	0	0	0
24.511	1	1	2452	2	1	28	2196	0	0	0
24.611	1	1	2462	2	1	28	2196	0	0	0
24.711	1	1	2472	2	1	28	2196	0	0	0
24.811	1	1	2482	2	1	28	2196	0	0	0
24.911	1	1	2492	2	1	28	2196	0	0	0
25.011	1	1	2502	2	1	28	2196	0	0	0
25.111	1	1	2512	2	1	28	2196	0	0	0
25.211	1	1	2522	2	1	28	2196	0	0	0
25.311	1	1	2532	2	1	28	2196	0	0	0
25.411	1	1	2542	2	1	28	2196	0	0	0
25.511	1	1	2552	2	1	28	2196	0	0	0
25.611	1	1	2562	2	1	28	2196	0	0	0
25.711	1	1	2572	2	1	28	2196	0	0	0
25.811	1	1	2582	2	1	28	2196	0	0	0
25.911	1	1	2592	2	1	28	2196	0	0	0
26.011	1	1	2602	2	1	28	2196	0	0	0
26.111	1	1	2612	2	1	28	2196	0	0	0
26.211	1	1	2622	2	1	28	2196	0	0	0
26.311	1	1	2632	2	1	28	2196	0	0	0
26.411	1	1	2642	2	1	28	2196	0	0	0
26.511	1	1	2652	2	1	28	2196	0	0	0
26.611	1	1	2662	2	1	28	2196	0	0	0
26.711	1	1	2672	2	1	28	2196	0	0	0
26.811	1	1	2682	2	1	28	2196	0	0	0
26.911	1	1	2692	2	1	28	2196	0	0	0
27.011	1	1	2702	2	1	28	2196	0	0	0
27.111	1	1	2712	2	1	28	2196	0	0	0
27.211	1	1	2722	2	1	28	2196	0	0	0
27.311	1	1	2732	2	1	28	2196	0	0	0
27.411	1	1	2742	2	1	28	2196	0	0	0
27.511	1	1	2752	2	1	28	2196	0	0	0
27.611	1	1	2762	2	1	28	2196	0	0	0
27.711	1	1	2772	2	1	28	2196	0	0	0
27.811	1	1	2782	2	1	28	2196	0	0	0
27.911	1	1	2792	2	1	28	2196	0	0	0
28.011	1	1	2802	2	1	28	2196	0	0	0
28.111	1	1	2812	2	1	28	2196	0	0	0
28.211	1	1	2822	2	1	28	2196	0	0	0
28.311	1	1	2832	2	1	28	2196	0	0	0
28.411	1	1	2842	2	1	28	2196	0	0	0
28.511	1	1	2852	2	1	28	2196	0	0	0
28.611	1	1	2862	2	1	28	2196	0	0	0
28.711	1	1	2872	2	1	28	2196	0	0	0
28.811	1	1	2882	2	1	28	2196	0	0	0
28.911	1	1	2892	2	1	28	2196	0	0	0
29.011	1	1	2902	2	1	28	2196	0	0	0
29.111	1	1	2912	2	1	28	2196	0	0	0
29.211	1	1	2922	2	1	28	2196	0	0	0
29.311	1	1	2932	2	1	28	2196	0	0	0
29.411	1	1	2942	2	1	28	2196	0	0	0
29.511	1	1	2952	2	1	28	2196	0	0	0
29.611	1	1	2962	2	1	28	2196	0	0	0
29.711	1	1	2972	2	1	28	2196	0	0	0
29.811	1	1	2982	2	1	28	2196	0	0	0
29.911	1	1	2992	2	1	28	2196	0	0	0
30.011	1	1	3002	2	1	28	2196	0	0	0
30.111	1	1	3012	2	1	28	2196	0	0	0
30.211	1	1	3022	2	1	28	2196	0	0	0
30.311	1	1	3032	2	1	28	2196	0	0	0
30.411	1	1	3042	2	1	28	2196	0	0	0
30.511	1	1	3052	2	1	28	2196	0	0	0
30.611	1	1	3062	2	1	28	2196	0	0	0
30.711	1	1	3072	2	1	28	2196	0	0	0
30.811	1	1	3082	2	1	28	2196	0	0	0
30.911	1	1	3092	2	1	28	2196	0	0	0
31.011	1	1	3102	2	1	28	2196	0	0	0
31.111	1	1	3112	2	1	28	2196	0	0	0
31.211	1	1	3122	2	1	28	2196	0	0	0
31.311	1	1	3132	2	1	28	2196	0	0	0
31.411	1	1	3142	2	1	28	2196	0	0	0
31.511	1	1	3152	2	1	28	2196	0	0	0
31.611	1	1	3162	2	1	28	2196	0	0	0
31.711	1	1	3172	2	1	28	2196	0	0	0
31.811	1	1	3182	2	1	28	2196	0	0	0
31.911	1	1	3192	2	1	28	2196	0	0	0
32.011	1	1	3202	2	1	28	2196	0	0	0
32.111	1	1	3212	2	1	28	2196	0	0	0
32.211	1	1	3222	2	1	28	2196	0	0	0
32.311	1	1	3232	2	1	28	2196	0	0	0
32.411	1	1	3242	2	1	28	2196	0	0	0
32.511	1	1	3252	2	1	28	2196	0	0	0
32.611	1	1	3262	2	1	28	2196	0	0	0
32.711	1	1	3272	2	1	28	2196	0	0	0
32.811	1	1	3282	2	1	28	2196	0	0	0
32.911	1	1	3292	2	1	28	2196	0	0	0
33.011	1	1	3302	2	1	28	2196	0	0	0
33.111	1	1	3312	2	1	28	2196	0	0	0
33.211	1	1	3322	2	1	28	2196	0	0	0
33.311	1	1	3332	2	1	28	2196	0	0	0
33.411	1	1	3342	2	1	28	2196	0	0	0
33.511	1	1	3352	2	1	28	2196	0	0	0
33.611	1	1	3362	2	1	28	2196	0	0	0
33.711	1	1	3372	2	1	28	2196	0	0	0
33.811	1	1	3382	2	1	28	2196	0	0	0
33.911	1	1	3392	2	1	28	2196	0	0	0
34.011	1	1	3402	2	1	28	2196	0	0	0
34.111	1	1	3412	2	1	28	2196	0	0	0
34.211	1	1	3422	2	1	28	2196	0	0	0
34.311	1	1	3432	2	1	28	2196	0	0	0
34.411	1	1	3442	2	1	28	2196	0	0	0
34.511	1	1	3452	2	1	28	2196	0	0	0
34.611	1	1	3462	2	1	28	2196	0	0	0
34.711	1	1	3472	2	1	28	2196	0	0	0
34.811	1	1	3482	2	1	28	2196	0	0	0
34.911	1	1	3492	2	1	28	2196	0	0	0
35.011	1	1	3502	2	1	28	2196	0	0	0
35.111	1	1	3512	2	1	28	2196	0	0	0
35.211	1	1	3522	2	1	28	2196	0	0	0
35.311	1	1	3532	2	1	28	2196	0	0	0
35.411	1	1	3542	2	1	28	2196	0	0	0
35.511	1	1	3552	2	1	28	2196	0	0	0
35.611	1	1	3562	2	1	28	2196	0	0	0
35.711	1	1	3572	2	1	28	2196	0	0	0
35.811	1	1	3582	2	1	28	2196	0	0	0
35.911	1	1	3592	2	1	28	2196	0	0	0
36.011	1	1	3602	2	1	28	2196	0	0	0
36.111	1	1	3612	2	1	28	2196	0	0	0
36.211	1	1	3622	2	1	28	2196	0	0	0
36.311	1	1	3632	2	1	28	2196	0	0	0
36.411	1	1	3642	2	1	28	2196	0	0	0
36.511	1	1	3652	2	1	28	2196	0	0	0
36.611	1	1	3662	2	1	28	2196	0	0	0
36.711	1	1	3672	2	1	28	2196	0	0	0
36.811	1	1	3682	2	1	28	2196	0	0	0
36.911	1	1	3692	2	1	28	2196	0	0	0
37.011	1	1	3702	2	1	28	2196	0	0	0
37.111	1	1	3712	2	1	28	2196	0	0	0
37.211	1	1	3722	2	1	28	2196	0	0	0
37.311	1	1	3732	2	1	28	2196	0	0	0
37.411	1	1	3742	2	1	28	2196	0	0	0
37.511	1	1	3752	2	1	28	2196	0	0	0
37.611	1	1	3762	2	1	28	2196	0	0	0
37.711	1	1	3772	2	1	28	2196	0	0	0
37.811	1	1	3782	2	1	28	2196	0	0	0
37.911	1	1	3792	2	1	28	2196	0	0	0
38.011	1	1	3802	2	1	28	2196	0	0	0
38.111	1	1	3812	2	1	28	2196	0	0	0
38.211	1	1	3822	2	1	28	2196	0	0	0
38.311	1	1	3832	2	1	28	2196	0	0	0
38.411	1	1	3842	2	1	28	2196	0	0	0
38.511	1	1	3852	2	1	28	2196	0	0	0
38.611	1	1	3862	2	1	28	2196	0	0	0
38.711	1	1	3872	2	1	28	2196	0	0	0
38.811	1	1	3882	2	1	28	2196	0	0	0
38.911	1	1	3892	2	1	28	2196	0	0	0
39.011	1	1	3902	2	1	28	2196	0	0	0
39.111	1	1	3912	2	1	28	2196	0	0	0
39.211	1	1	3922	2	1	28	2196	0	0	0
39.311	1	1	3932	2	1	28	2196	0	0	0
39.411	1	1	3942	2	1	28	2196	0	0	0
39.511	1	1	3952	2	1	28	2196	0	0	0
39.611	1	1	3962	2	1	28	2196	0	0	0
39.711	1	1	3972	2	1	28	2196	0	0	0
39.811	1	1	3982	2	1	28	2196	0	0	0
39.911	1	1	3992	2	1	28	2196	0	0	0
40.011	1	1	4002	2	1	28	2196	0	0	0
40.111	1	1	4012	2	1	28	2196	0	0	0
40.211	1	1	4022	2	1	28	2196	0	0	0
40.311	1	1	4032	2	1	28	2196	0	0	0
40.411	1	1	4042	2	1	28	2196	0	0	0
40.511	1	1	4052	2	1	28	2196	0	0	0
40.611	1	1	4062	2	1	28	2196	0	0	0
40.711	1	1	4072	2	1	28	2196	0	0	0
40.811	1	1	4082	2	1	28	2196	0	0	0
40.911	1	1	4092	2	1	28	2196	0	0	0
41.011	1	1	4102	2	1	28	2196	0	0	0
41.111	1	1	4112	2	1	28	2196	0	0	0
41.211	1	1	4122	2	1	28	2196	0	0	0
41.311	1	1	4132	2	1	28	2196	0	0	0
41.411	1	1	4142	2	1	28	2196	0	0	0
41.511	1	1	4152	2	1	28	2196	0	0	0
41.611	1	1	4162	2	1	28	2196	0	0	0
41.711	1	1	4172	2	1	28	2196	0	0	0
41.811	1	1	4182	2	1	28	2196	0	0	0
41.911	1	1	4192	2	1	28	2196	0	0	0
42.011	1	1	4202	2	1	28	2196	0	0	0
42.111	1	1	4212	2	1	28	2196	0	0	0
42.211	1	1	4222	2	1	28	2196	0	0	0
42.311	1	1	4232	2	1	28	2196	0	0	0
42.411	1	1	4242	2	1	28	2196	0	0	0
42.511	1	1	4252	2	1	28	2196	0	0	0
42.611	1	1	4262	2	1	28	2196	0	0	0
42.711	1	1	4272	2	1	28	2196	0	0	0
42.811	1	1	4282	2	1	28	2196	0	0	0
42.911	1	1	4292	2	1	28	2196	0	0	0
43.011	1	1	4302	2	1	28	2196	0	0	0
43.111	1	1	4312	2	1	28	2196	0	0	0
43.211	1	1	4322	2	1	28	2196	0	0	0
43.311	1	1	4332	2	1	28	2196	0	0	0
43.411	1	1	4342	2	1	28	2196	0	0	0
43.511	1	1	4352	2	1	28	2196	0	0	0
43.611	1	1	4362	2	1	28	2196	0	0	0
43.711	1	1	4372	2	1	28	2196	0	0	0
43.811	1	1	4382	2	1	28	2196	0	0	0
43.911	1	1	4392	2	1	28	2196	0	0	0
44.011	1	1	4402	2	1	28	2196	0	0	0
44.111	1	1	4412	2	1	28	2196	0	0	0
44.211	1	1	4422	2	1	28	2196	0	0	0
44.311	1	1	4432	2	1	28	2196	0	0	0
44.411	1	1	4442	2	1	28	2196	0	0	0
44.511	1	1	4452	2	1	28	2196	0	0	0
44.611	1	1	4462	2	1	28	2196	0	0	0
44.711	1	1	4472	2	1	28	2196	0	0	0
44.811	1	1	4482	2	1	28	2196	0	0	0
44.911	1	1	4492	2	1	28	2196	0	0	0
45.011	1	1	4502	2	1	28	2196	0	0	0
45.111	1	1	4512	2	1	28	2196	0	0	0
45.211	1	1	4522	2	1	28	2196	0	0	0
45.311	1	1	4532	2	1	28	2196	0	0	0
45.411	1	1	4542	2	1	28	2196	0	0	0
45.511	1	1	4552	2	1	28	2196	0	0	0
45.611	1	1	4562	2	1	28	2196	0	0	0
45.711	1	1	4572	2	1	28	2196	0	0	0
45.811	1	1	4582	2	1	28	2196	0	0	0
45.911	1	1	4592	2	1	28	2196	0	0	0
46.011	1	1	4602	2	1	28	2196	0	0	0
46.111	1	1	4612	2	1	28	2196	0	0	0
46.211	1	1	4622	2	1	28	2196	0	0	0
46.311	1	1	4632	2	1	28	2196	0	0	0
46.411	1	1	4642	2	1	28	2196	0	0	0
46.511	1	1	4652	2	1	28	2196	0	0	0
46.611	1	1	4662	2	1	28	2196	0	0	0
46.711	1	1	4672	2	1	28	2196	0	0	0
46.811	1	1	4682	2	1	28	2196	0	0	0
46.911	1	1	4692	2	1	28	2196	0	0	0
47.011	1	1	4702	2	1	28	2196	0	0	0
47.111	1	1	4712	2	1	28	2196	0	0	0
47.211	1	1	4722	2	1	28	2196	0	0	0
47.311	1	1	4732	2	1	28	2196	0	0	0
47.411	1	1	4742	2	1	28	2196	0	0	0
47.511	1	1	4752	2	1	28	2196	0	0	0
47.611	1	1	4762	2	1	28	2196	0	0	0
47.711	1	1	4772	2	1	28	2196	0	0	0
47.811	1	1	4782	2	1	28	2196	0	0	0
47.911	1	1	4792	2	1	28	2196	0	0	0
48.011	1	1	4802	2	1	28	2196	0	0	0
48.111	1	1	4812	2	1	28	2196	0	0	0
48.211	1	1	4822	2	1	28	2196	0	0	0
48.311	1	1	4832	2	1	28	2196	0	0	0
48.411	1	1	4842	2	1	28	2196	0	0	0
48.511	1	1	4852	2	1	28	2196	0	0	0
48.611	1	1	4862	2	1	28	2196	0	0	0
48.711	1	1	4872	2	1	28	2196	0	0	0
48.811	1	1	4882	2	1	28	2196	0	0	0
48.911	1	1	4892	2	1	28	2196	0	0	0
49.011	1	1	4902	2	1	28	2196	0	0	0
49.111	1	1	4912	2	1	28	2196	0	0	0
49.211	1	1	4922	2	1	28	2196	0	0	0
49.311	1	1	4932	2	1	28	2196	0	0	0
49.411	1	1	4942	2	1	28	2196	0	0	0
49.511	1	1	4952	2	1	28	2196	0	0	0
49.611	1	1	4962	2	1	28	2196	0	0	0
49.711	1	1	4972	2	1	28	2196	0	0	0
49.811	1	1	4982	2	1	28	2196	0	0	0
49.911	1	1	4992	2	1	28	2196	0	0	0
50.011	1	1	5002	2	1	28	2196	0	0	0
50.111	1	1	5012	2	1	28	2196	0	0	0
50.211	1	1	5022	2	1	28	2196	0	0	0
50.311	1	1	5032	2	1	28	2196	0	0	0
50.411	1	1	5042	2	1	28	2196	0	0	0
50.511	1	1	5052	2	1	28	2196	0	0	0
50.611	1	1	5062	2	1	28	2196	0	0	0
50.711	1	1	5072	2	1	28	2196	0	0	0
50.811	1	1	5082	2	1	28	2196	0	0	0
50.911	1	1	5092	2	1	28	2196	0	0	0
51.011	1	1	5102	2	1	28	2196	0	0	0
51.111	1	1	5112	2	1	28	2196	0	0	0
51.211	1	1	5122	2	1	28	2196	0	0	0
51.311	1	1	5132	2	1	28	2196	0	0	0
51.411	1	1	5142	2	1	28	2196	0	0	0
51.511	1	1	5152	2	1	28	2196	0	0	0
51.611	1	1	5162	2	1	28	2196	0	0	0
51.711	1	1	5172	2	1	28	2196	0	0	0
51.811	1	1	5182	2	1	28	2196	0	0	0
51.911	1	1	5192	2	1	28	2196	0	0	0
52.011	1	1	5202	2	1	28	2196	0	0	0
52.111	1	1	5212	2	1	28	2196	0	0	0
52.211	1	1	5222	2	1	28	2196	0	0	0
52.311	1	1	5232	2	1	28	2196	0	0	0
52.411	1	1	5242	2	1	28	2196	0	0	0
52.511	1	1	5252	2	1	28	2196	0	0	0
52.611	1	1	5262	2	1	28	2196	0	0	0
52.711	1	1	5272	2	1	28	2196	0	0	0
52.811	1	1	5282	2	1	28	2196	0	0	0
52.911	1	1	5292	2	1	28	2196	0	0	0
53.011	1	1	5302	2	1	28	2196	0	0	0
53.111	1	1	5312	2	1	28	2196	0	0	0
53.211	1	1	5322	2	1	28	2196	0	0	0
53.311	1	1	5332	2	1	28	2196	0	0	0
53.411	1	1	5342	2	1	28	2196	0	0	0
53.511	1	1	5352	2	1	28	2196	0	0	0
53.611	1	1	5362	2	1	28	2196	0	0	0
53.711	1	1	5372	2	1	28	2196	0	0	0
53.811	1	1	5382	2	1	28	2196	0	0	0
53.911	1	1	5392	2	1	28	2196	0	0	0
54.011	1	1	5402	2	1	28	2196	0	0	0
54.111	1	1	5412	2	1	28	2196	0	0	0
54.211	1	1	5422	2	1	28	2196	0	0	0
54.311	1	1	5432	2	1	28	2196	0	0	0
54.411	1	1	5442	2	1	28	2196	0	0	0
54.511	1	1	5452	2	1	28	2196	0	0	0
54.611	1	1	5462	2	1	28	2196	0	0	0
54.711	1	1	5472	2	1	28	2196	0	0	0
54.811	1	1	5482	2	1	28	2196	0	0	0
54.911	1	1	5492	2	1	28	2196	0	0	0
55.011	1	1	5502	2	1	28	2196	0	0	0
55.111	1	1	5512	2	1	28	2196	0	0	0
55.211	1	1	5522	2	1	28	2196	0	0	0
55.311	1	1	5532	2	1	28	2196	0	0	0
55.411	1	1	5542	2	1	28	2196	0	0	0
55.511	1	1	5552	2	1	28	2196	0	0	0
55.611	1	1	5562	2	1	28	2196	0	0	0
55.711	1	1	5572	2	1	28	2196	0	0	0
55.811	1	1	5582	2	1	28	2196	0	0	0
55.911	1	1	5592	2	1	28	2196	0	0	0
56.011	1	1	5602	2	1	28	2196	0	0	0
56.111	1	1	5612	2	1	28	2196	0	0	0
56.211	1	1	5622	2	1	28	2196	0	0	0
56.311	1	1	5632	2	1	28	2196	0	0	0
56.411	1	1	5642	2	1	28	2196	0	0	0
56.511	1	1	5652	2	1	28	2196	0	0	0
56.611	1	1	5662	2	1	28	2196	0	0	0
56.711	1	1	5672	2	1	28	2196	0	0	0
56.811	1	1	5682	2	1	28	2196	0	0	0
56.911	1	1	5692	2	1	28	2196	0	0	0
57.011	1	1	5702	2	1	28	2196	0	0	0
57.111	1	1	5712	2	1	28	2196	0	0	0
57.211	1	1	5722	2	1	28	2196	0	0	0
57.311	1	1	5732	2	1	28	2196	0	0	0
57.411	1	1	5742	2	1	28	2196	0	0	0
57.511	1	1	5752	2	1	28	2196	0	0	0
57.611	1	1	5762	2	1	28	2196	0	0	0
57.711	1	1	5772	2	1	28	2196	0	0	0
57.811	1	1	5782	2	1	28	2196	0	0	0
57.911	1	1	5792	2	1	28	2196	0	0	0
58.011	1	1	5802	2	1	28	2196	0	0	0
58.111	1	1	5812	2	1	28	2196	0	0	0
58.211	1	1	5822	2	1	28	2196	0	0	0
58.311	1	1	5832	2	1	28	2196	0	0	0
58.411	1	1	5842	2	1	28	2196	0	0	0
58.511	1	1	5852	2	1	28	2196	0	0	0
58.611	1	1	5862	2	1	28	2196	0	0	0
58.711	1	1	5872	2	1	28	2196	0	0	0
58.811	1	1	5882	2	1	28	2196	0	0	0
58.911	1	1	5892	2	1	28	2196	0	0	0
59.011	1	1	5902	2	1	28	2196	0	0	0
59.111	1	1	5912	2	1	28	2196	0	0	0
59.211	1	1	5922	2	1	28	2196	0	0	0
59.311	1	1	5932	2	1	28	2196	0	0	0
59.411	1	1	5942	2	1	28	2196	0	0	0
59.511	1	1	5952	2	1	28	2196	0	0	0
59.611	1	1	5962	2	1	28	2196	0	0	0
59.711	1	1	5972	2	1	28	2196	0	0	0
59.811	1	1	5982	2	1	28	2196	0	0	0
59.911	1	1	5992	2	1	28	2196	0	0	0
60.011	1	1	6002	2	1	28	2196	0	0	0
60.111	1	1	6012	2	1	28	2196	0	0	0
60.211	1	1	6022	2	1	28	2196	0	0	0
60.311	1	1	6032	2	1	28	2196	0	0	0
60.411	1	1	6042	2	1	28	2196	0	0	0
60.511	1	1	6052	2	1	28	2196	0	0	0
60.611	1	1	6062	2	1	28	2196	0	0	0
60.711	1	1	6072	2	1	28	2196	0	0	0
60.811	1	1	6082	2	1	28	2196	0	0	0
60.911	1	1	6092	2	1	28	2196	0	0	0
61.011	1	1	6102	2	1	28	2196	0	0	0
61.111	1	1	6112	2	1	28	2196	0	0	0
61.211	1	1	6122	2	1	28	2196	0	0	0
61.311	1	1	6132	2	1	28	2196	0	0	0
61.411	1	1	6142	2	1	28	2196	0	0	0
61.511	1	1	6152	2	1	28	2196	0	0	0
61.611	1	1	6162	2	1	28	2196	0	0	0
61.711	1	1	6172	2	1	28	2196	0	0	0
61.811	1	1	6182	2	1	28	2196	0	0	0
61.911	1	1	6192	2	1	28	2196	0	0	0
62.011	1	1	6202	2	1	28	2196	0	0	0
62.111	1	1	6212	2	1	28	2196	0	0	0
62.211	1	1	6222	2	1	28	2196	0	0	0
62.311	1	1	6232	2	1	28	2196	0	0	0
62.411	1	1	6242	2	1	28	2196	0	0	0
62.511	1	1	6252	2	1	28	2196	0	0	0
62.611	1	1	6262	2	1	28	2196	0	0	0
62.711	1	1	6272	2	1	28	2196	0	0	0
62.811	1	1	6282	2	1	28	2196	0	0	0
62.911	1	1	6292	2	1	28	2196	0	0	0
63.011	1	1	6302	2	1	28	2196	0	0	0
63.111	1	1	6312	2	1	28	2196	0	0	0
63.211	1	1	6322	2	1	28	2196	0	0	0
63.311	1	1	6332	2	1	28	2196	0	0	0
63.411	1	1	6342	2	1	28	2196	0	0	0
63.511	1	1	6352	2	1	28	2196	0	0	0
63.611	1	1	6362	2	1	28	2196	0	0	0
63.711	1	1	6372	2	1	28	2196	0	0	0
63.811	1	1	6382	2	1	28	2196	0	0	0
63.911	1	1	6392	2	1	28	2196	0	0	0
64.011	1	1	6402	2	1	28	2196	0	0	0
64.111	1	1	6412	2	1	28	2196	0	0	0
64.211	1	1	6422	2	1	28	2196	0	0	0
64.311	1	1	6432	2	1	28	2196	0	0	0
64.411	1	1	6442	2	1	28	2196	0	0	0
64.511	1	1	6452	2	1	28	2196	0	0	0
64.611	1	1	6462	2	1	28	2196	0	0	0
64.711	1	1	6472	2	1	28	2196	0	0	0
64.811	1	1	6482	2	1	28	2196	0	0	0
64.911	1	1	6492	2	1	28	2196	0	0	0
65.011	1	1	6502	2	1	28	2196	0	0	0
65.111	1	1	6512	2	1	28	2196	0	0	0
65.211	1	1	6522	2	1	28	2196	0	0	0
65.311	1	1	6532	2	1	28	2196	0	0	0
65.411	1	1	6542	2	1	28	2196	0	0	0
65.511	1	1	6552	2	1	28	2196	0	0	0
65.611	1	1	6562	2	1	28	2196	0	0	0
65.711	1	1	6572	2	1	28	2196	0	0	0
65.811	1	1	6582	2	1	28	2196	0	0	0
65.911	1	1	6592	2	1	28	2196	0	0	0
66.011	1	1	6602	2	1	28	2196	0	0	0
66.111	1	1	6612	2	1	28	2196	0	0	0
66.211	1	1	6622	2	1	28	2196	0	0	0
66.311	1	1	6632	2	1	28	2196	0	0	0
66.411	1	1	6642	2	1	28	2196	0	0	0
66.511	1	1	6652	2	1	28	2196	0	0	0
66.611	1	1	6662	2	1	28	2196	0	0	0
66.711	1	1	6672	2	1	28	2196	0	0	0
66.811	1	1	6682	2	1	28	2196	0	0	0
66.911	1	1	6692	2	1	28	2196	0	0	0
67.011	1	1	6702	2	1	28	2196	0	0	0
67.111	1	1	6712	2	1	28	2196	0	0	0
67.211	1	1	6722	2	1	28	2196	0	0	0
67.311	1	1	6732	2	1	28	2196	0	0	0
67.411	1	1	6742	2	1	28	2196	0	0	0
67.511	1	1	6752	2	1	28	2196	0	0	0
67.611	1	1	6762	2	1	28	2196	0	0	0
67.711	1	1	6772	2	1	28	2196	0	0	0
67.811	1	1	6782	2	1	28	2196	0	0	0
67.911	1	1	6792	2	1	28	2196	0	0	0
68.011	1	1	6802	2	1	28	2196	0	0	0
68.111	1	1	6812	2	1	28	2196	0	0	0
68.211	1	1	6822	2	1	28	2196	0	0	0
68.311	1	1	6832	2	1	28	2196	0	0	0
68.411	1	1	6842	2	1	28	2196	0	0	0
68.511	1	1	6852	2	1	28	2196	0	0	0
68.611	1	1	6862	2	1	28	2196	0	0	0
68.711	1	1	6872	2	1	28	2196	0	0	0
68.811	1	1	6882	2	1	28	2196	0	0	0
68.911	1	1	6892	2	1	28	2196	0	0	0
69.011	1	1	6902	2	1	28	2196	0	0	0
69.111	1	1	6912	2	1	28	2196	0	0	0
69.211	1	1	6922	2	1	28	2196	0	0	0
69.311	1	1	6932	2	1	28	2196	0	0	0
69.411	1	1	6942	2	1	28	2196	0	0	0
69.511	1	1	6952	2	1	28	2196	0	0	0
69.611	1	1	6962	2	1	28	2196	0	0	0
69.711	1	1	6972	2	1	28	2196	0	0	0
69.811	1	1	6982	2	1	28	2196	0	0	0
69.911	1	1	6992	2	1	28	2196	0	0	0
70.011	1	1	7002	2	1	28	2196	0	0	0
70.111	1	1	7012	2	1	28	2196	0	0	0
70.211	1	1	7022	2	1	28	2196	0	0	0
70.311	1	1	7032	2	1	28	2196	0	0	0
70.411	1	1	7042	2	1	28	2196	0	0	0
70.511	1	1	7052	2	1	28	2196	0	0	0
70.611	1	1	7062	2	1	28	2196	0	0	0
70.711	1	1	7072	2	1	28	2196	0	0	0
70.811	1	1	7082	2	1	28	2196	0	0	0
70.911	1	1	7092	2	1	28	2196	0	0	0
71.011	1	1	7102	2	1	28	2196	0	0	0
71.111	1	1	7112	2	1	28	2196	0	0	0
71.211	1	1	7122	2	1	28	2196	0	0	0
71.311	1	1	7132	2	1	28	2196	0	0	0
71.411	1	1	7142	2	1	28	2196	0	0	0
71.511	1	1	7152	2	1	28	2196	0	0	0
71.611	1	1	7162	2	1	28	2196	0	0	0
71.711	1	1	7172	2	1	28	2196	0	0	0
71.811	1	1	7182	2	1	28	2196	0	0	0
71.911	1	1	7192	2	1	28	2196	0	0	0
72.011	1	1	7202	2	1	28	2196	0	0	0
72.111	1	1	7212	2	1	28	2196	0	0	0
72.211	1	1	7222	2	1	28	2196	0	0	0
72.311	1	1	7232	2	1	28	2196	0	0	0
72.411	1	1	7242	2	1	28	2196	0	0	0
72.511	1	1	7252	2	1	28	2196	0	0	0
72.611	1	1	7262	2	1	28	2196	0	0	0
72.711	1	1	7272	2	1	28	2196	0	0	0
72.811	1	1	7282	2	1	28	2196	0	0	0
72.911	1	1	7292	2	1	28	2196	0	0	0
73.011	1	1	7302	2	1	28	2196	0	0	0
73.111	1	1	7312	2	1	28	2196	0	0	0
73.211	1	1	7322	2	1	28	2196	0	0	0
73.311	1	1	7332	2	1	28	2196	0	0	0
73.411	1	1	7342	2	1	28	2196	0	0	0
73.511	1	1	7352	2	1	28	2196	0	0	0
73.611	1	1	7362	2	1	28	2196	0	0	0
73.711	1	1	7372	2	1	28	2196	0	0	0
73.811	1	1	7382	2	1	28	2196	0	0	0
73.911	1	1	7392	2	1	28	2196	0	0	0
74.011	1	1	7402	2	1	28	2196	0	0	0
74.111	1	1	7412	2	1	28	2196	0	0	0
74.211	1	1	7422	2	1	28	2196	0	0	0
74.311	1	1	7432	2	1	28	2196	0	0	0
74.411	1	1	7442	2	1	28	2196	0	0	0
74.511	1	1	7452	2	1	28	2196	0	0	0
74.611	1	1	7462	2	1	28	2196	0	0	0
74.711	1	1	7472	2	1	28	2196	0	0	0
74.811	1	1	7482	2	1	28	2196	0	0	0
74.911	1	1	7492	2	1	28	2196	0	0	0
75.011	1	1	7502	2	1	28	2196	0	0	0
75.111	1	1	7512	2	1	28	2196	0	0	0
75.211	1	1	7522	2	1	28	2196	0	0	0
75.311	1	1	7532	2	1	28	2196	0	0	0
75.411	1	1	7542	2	1	28	2196	0	0	0
75.511	1	1	7552	2	1	28	2196	0	0	0
75.611	1	1	7562	2	1	28	2196	0	0	0
75.711	1	1	7572	2	1	28	2196	0	0	0
75.811	1	1	7582	2	1	28	2196	0	0	0
75.911	1	1	7592	2	1	28	2196	0	0	0
76.011	1	1	7602	2	1	28	2196	0	0	0
76.111	1	1	7612	2	1	28	2196	0	0	0
76.211	1	1	7622	2	1	28	2196	0	0	0
76.311	1	1	7632	2	1	28	2196	0	0	0
76.411	1	1	7642	2	1	28	2196	0	0	0
76.511	1	1	7652	2	1	28	2196	0	0	0
76.611	1	1	7662	2	1	28	2196	0	0	0
76.711	1	1	7672	2	1	28	2196	0	0	0
76.811	1	1	7682	2	1	28	2196	0	0	0
76.911	1	1	7692	2	1	28	2196	0	0	0
77.011	1	1	7702	2	1	28	2196	0	0	0
77.111	1	1	7712	2	1	28	2196	0	0	0
77.211	1	1	7722	2	1	28	2196	0	0	0
77.311	1	1	7732	2	1	28	2196	0	0	0
77.411	1	1	7742	2	1	28	2196	0	0	0
77.511	1	1	7752	2	1	28	2196	0	0	0
77.611	1	1	7762	2	1	28	2196	0	0	0
77.711	1	1	7772	2	1	28	2196	0	0	0
77.811	1	1	7782	2	1	28	2196	0	0	0
77.911	1	1	7792	2	1	28	2196	0	0	0
78.011	1	1	7802	2	1	28	2196	0	0	0
78.111	1	1	7812	2	1	28	2196	0	0	0
78.211	1	1	7822	2	1	28	2196	0	0	0
78.311	1	1	7832	2	1	28	2196	0	0	0
78.411	1	1	7842	2	1	28	2196	0	0	0
78.511	1	1	7852	2	1	28	2196	0	0	0
78.611	1	1	7862	2	1	28	2196	0	0	0
78.711	1	1	7872	2	1	28	2196	0	0	0
78.811	1	1	7882	2	1	28	2196	0	0	0
78.911	1	1	7892	2	1	28	2196	0	0	0
79.011	1	1	7902	2	1	28	2196	0	0	0
79.111	1	1	7912	2	1	28	2196	0	0	0
79.211	1	1	7922	2	1	28	2196	0	0	0
79.311	1	1	7932	2	1	28	2196	0	0	0
79.411	1	1	7942	2	1	28	2196	0	0	0
79.511	1	1	7952	2	1	28	2196	0	0	0
79.611	1	1	7962	2	1	28	2196	0	0	0
79.711	1	1	7972	2	1	28	2196	0	0	0
79.811	1	1	7982	2	1	28	2196	0	0	0
79.911	1	1	7992	2	1	28	2196	0	0	0
80.011	1	1	8002	2	1	28	2196	0	0	0
80.111	1	1	8012	2	1	28	2196	0	0	0
80.211	1	1	8022	2	1	28	2196	0	0	0
80.311	1	1	8032	2	1	28	2196	0	0	0
80.411	1	1	8042	2	1	28	2196	0	0	0
80.511	1	1	8052	2	1	28	2196	0	0	0
80.611	1	1	8062	2	1	28	2196	0	0	0
80.711	1	1	8072	2	1	28	2196	0	0	0
80.811	1	1	8082	2	1	28	2196	0	0	0
80.911	1	1	8092	2	1	28	2196	0	0	0
81.011	1	1	8102	2	1	28	2196	0	0	0
81.111	1	1	8112	2	1	28	2196	0	0	0
81.211	1	1	8122	2	1	28	2196	0	0	0
81.311	1	1	8132	2	1	28	2196	0	0	0
81.411	1	1	8142	2	1	28	2196	0	0	0
81.511	1	1	8152	2	1	28	2196	0	0	0
81.611	1	1	8162	2	1	28	2196	0	0	0
81.711	1	1	8172	2	1	28	2196	0	0	0
81.811	1	1	8182	2	1	28	2196	0	0	0
81.911	1	1	8192	2	1	28	2196	0	0	0
82.011	1	1	8202	2	1	28	2196	0	0	0
82.111	1	1	8212	2	1	28	2196	0	0	0
82.211	1	1	8222	2	1	28	2196	0	0	0
82.311	1	1	8232	2	1	28	2196	0	0	0
82.411	1	1	8242	2	1	28	2196	0	0	0
82.511	1	1	8252	2	1	28	2196	0	0	0
82.611	1	1	8262	2	1	28	2196	0	0	0
82.711	1	1	8272	2	1	28	2196	0	0	0
82.811	1	1	8282	2	1	28	2196	0	0	0
82.911	1	1	8292	2	1	28	2196	0	0	0
83.011	1	1	8302	2	1	28	2196	0	0	0
83.111	1	1	8312	2	1	28	2196	0	0	0
83.211	1	1	8322	2	1	28	2196	0	0	0
83.311	1	1	8332	2	1	28	2196	0	0	0
83.411	1	1	8342	2	1	28	2196	0	0	0
83.511	1	1	8352	2	1	28	2196	0	0	0
83.611	1	1	8362	2	1	28	2196	0	0	0
83.711	1	1	8372	2	1	28	2196	0	0	0
83.811	1	1	8382	2	1	28	2196	0	0	0
83.911	1	1	8392	2	1	28	2196	0	0	0
84.011	1	1	8402	2	1	28	2196	0	0	0
84.111	1	1	8412	2	1	28	2196	0	0	0
84.211	1	1	8422	2	1	28	2196	0	0	0
84.311	1	1	8432	2	1	28	2196	0	0	0
84.411	1	1	8442	2	1	28	2196	0	0	0
84.511	1	1	8452	2	1	28	2196	0	0	0
84.611	1	1	8462	2	1	28	2196	0	0	0
84.711	1	1	8472	2	1	28	2196	0	0	0
84.811	1	1	8482	2	1	28	2196	0	0	0
84.911	1	1	8492	2	1	28	2196	0	0	0
85.011	1	1	8502	2	1	28	2196	0	0	0
85.111	1	1	8512	2	1	28	2196	0	0	0
85.211	1	1	8522	2	1	28	2196	0	0	0
85.311	1	1	8532	2	1	28	2196	0	0	0
85.411	1	1	8542	2	1	28	2196	0	0	0
85.511	1	1	8552	2	1	28	2196	0	0	0
85.611	1	1	8562	2	1	28	2196	0	0	0
85.711	1	1	8572	2	1	28	2196	0	0	0
85.811	1	1	8582	2	1	28	2196	0	0	0
85.911	1	1	8592	2	1	28	2196	0	0	0
86.011	1	1	8602	2	1	28	2196	0	0	0
86.111	1	1	8612	2	1	28	2196	0	0	0
86.211	1	1	8622	2	1	28	2196	0	0	0
86.311	1	1	8632	2	1	28	2196	0	0	0
86.411	1	1	8642	2	1	28	2196	0	0	0
86.511	1	1	8652	2	1	28	2196	0	0	0
86.611	1	1	8662	2	1	28	2196	0	0	0
86.711	1	1	8672	2	1	28	2196	0	0	0
86.811	1	1	8682	2	1	28	2196	0	0	0
86.911	1	1	8692	2	1	28	2196	0	0	0
87.011	1	1	8702	2	1	28	2196	0	0	0
87.111	1	1	8712	2	1	28	2196	0	0	0
87.211	1	1	8722	2	1	28	2196	0	0	0
87.311	1	1	8732	2	1	28	2196	0	0	0
87.411	1	1	8742	2	1	28	2196	0	0	0
87.511	1	1	8752	2	1	28	2196	0	0	0
87.611	1	1	8762	2	1	28	2196	0	0	0
87.711	1	1	8772	2	1	28	2196	0	0	0
87.811	1	1	8782	2	1	28	2196	0	0	0
87.911	1	1	8792	2	1	28	2196	0	0	0
88.011	1	1	8802	2	1	28	2196	0	0	0
88.111	1	1	8812	2	1	28	2196	0	0	0
88.211	1	1	8822	2	1	28	2196	0	0	0
88.311	1	1	8832	2	1	28	2196	0	0	0
88.411	1	1	8842	2	1	28	2196	0	0	0
88.511	1	1	8852	2	1	28	2196	0	0	0
88.611	1	1	8862	2	1	28	2196	0	0	0
88.711	1	1	8872	2	1	28	2196	0	0	0
88.811	1	1	8882	2	1	28	2196	0	0	0
88.911	1	1	8892	2	1	28	2196	0	0	0
89.011	1	1	8902	2	1	28	2196	0	0	0
89.111	1	1	8912	2	1	28	2196	0	0	0
89.211	1	1	8922	2	1	28	2196	0	0	0
89.311	1	1	8932	2	1	28	2196	0	0	0
89.411	1	1	8942	2	1	28	2196	0	0	0
89.511	1	1	8952	2	1	28	2196	0	0	0
89.611	1	1	8962	2	1	28	2196	0	0	0
89.711	1	1	8972	2	1	28	2196	0	0	0
89.811	1	1	8982	2	1	28	2196	0	0	0
89.911	1	1	8992	2	1	28	2196	0	0	0
90.011	1	1	9002	2	1	28	2196	0	0	0
90.111	1	1	9012	2	1	28	2196	0	0	0
90.211	1	1	9022	2	1	28	2196	0	0	0
90.311	1	1	9032	2	1	28	2196	0	0	0
90.411	1	1	9042	2	1	28	2196	0	0	0
90.511	1	1	9052	2	1	28	2196	0	0	0
90.611	1	1	9062	2	1	28	2196	0	0	0
90.711	1	1	9072	2	1	28	2196	0	0	0
90.811	1	1	9082	2	1	28	2196	0	0	0
90.911	1	1	9092	2	1	28	2196	0	0	0
91.011	1	1	9102	2	1	28	2196	0	0	0
91.111	1	1	9112	2	1	28	2196	0	0	0
91.211	1	1	9122	2	1	28	2196	0	0	0
91.311	1	1	9132	2	1	28	2196	0	0	0
91.411	1	1	9142	2	1	28	2196	0	0	0
91.511	1	1	9152	2	1	28	2196	0	0	0
91.611	1	1	9162	2	1	28	2196	0	0	0
91.711	1	1	9172	2	1	28	2196	0	0	0
91.811	1	1	9182	2	1	28	2196	0	0	0
91.911	1	1	9192	2	1	28	2196	0	0	0
92.011	1	1	9202	2	1	28	2196	0	0	0
92.111	1	1	9212	2	1	28	2196	0	0	0
92.211	1	1	9222	2	1	28	2196	0	0	0
92.311	1	1	9232	2	1	28	2196	0	0	0
92.411	1	1	9242	2	1	28	2196	0	0	0
92.511	1	1	9252	2	1	28	2196	0	0	0
92.611	1	1	9262	2	1	28	2196	0	0	0
92.711	1	1	9272	2	1	28	2196	0	0	0
92.811	1	1	9282	2	1	28	2196	0	0	0
92.911	1	1	9292	2	1	28	2196	0	0	0
93.011	1	1	9302	2	1	28	2196	0	0	0
93.111	1	1	9312	2	1	28	2196	0	0	0
93.211	1	1	9322	2	1	28	2196	0	0	0
93.311	1	1	9332	2	1	28	2196	0	0	0
93.411	1	1	9342	2	1	28	2196	0	0	0
93.511	1	1	9352	2	1	28	2196	0	0	0
93.611	1	1	9362	2	1	28	2196	0	0	0
93.711	1	1	9372	2	1	28	2196	0	0	0
93.811	1	1	9382	2	1	28	2196	0	0	0
93.911	1	1	9392	2	1	28	2196	0	0	0
94.011	1	1	9402	2	1	28	2196	0	0	0
94.111	1	1	9412	2	1	28	2196	0	0	0
94.211	1	1	9422	2	1	28	2196	0	0	0
94.311	1	1	9432	2	1	28	2196	0	0	0
94.411	1	1	9442	2	1	28	2196	0	0	0
94.511	1	1	9452	2	1	28	2196	0	0	0
94.611	1	1	9462	2	1	28	2196	0	0	0
94.711	1	1	9472	2	1	28	2196	0	0	0
94.811	1	1	9482	2	1	28	2196	0	0	0
94.911	1	1	9492	2	1	28	2196	0	0	0
95.011	1	1	9502	2	1	28	2196	0	0	0
95.111	1	1	9512	2	1	28	2196	0	0	0
95.211	1	1	9522	2	1	28	2196	0	0	0
95.311	1	1	9532	2	1	28	2196	0	0	0
95.411	1	1	9542	2	1	28	2196	0	0	0
95.511	1	1	9552	2	1	28	2196	0	0	0
95.611	1	1	9562	2	1	28	2196	0	0	0
95.711	1	1	9572	2	1	28	2196	0	0	0
95.811	1	1	9582	2	1	28	2196	0	0	0
95.911	1	1	9592	2	1	28	2196	0	0	0
96.011	1	1	9602	2	1	28	2196	0	0	0
96.111	1	1	9612	2	1	28	2196	0	0	0
96.211	1	1	9622	2	1	28	2196	0	0	0
96.311	1	1	9632	2	1	28	2196	0	0	0
96.411	1	1	9642	2	1	28	2196	0	0	0
96.511	1	1	9652	2	1	28	2196	0	0	0
96.611	1	1	9662	2	1	28	2196	0	0	0
96.711	1	1	9672	2	1	28	2196	0	0	0
96.811	1	1	9682	2	1	28	2196	0	0	0
96.911	1	1	9692	2	1	28	2196	0	0	0
97.011	1	1	9702	2	1	28	2196	0	0	0
97.111	1	1	9712	2	1	28	2196	0	0	0
97.211	1	1	9722	2	1	28	2196	0	0	0
97.311	1	1	9732	2	1	28	2196	0	0	0
97.411	1	1	9742	2	1	28	2196	0	0	0
97.511	1	1	9752	2	1	28	2196	0	0	0
97.611	1	1	9762	2	1	28	2196	0	0	0
97.711	1	1	9772	2	1	28	2196	0	0	0
97.811	1	1	9782	2	1	28	2196	0	0	0
97.911	1	1	9792	2	1	28	2196	0	0	0
98.011	1	1	9802	2	1	28	2196	0	0	0
98.111	1	1	9812	2	1	28	2196	0	0	0
98.211	1	1	9822	2	1	28	2196	0	0	0
98.311	1	1	9832	2	1	28	2196	0	0	0
98.411	1	1	9842	2	1	28	2196	0	0	0
98.511	1	1	9852	2	1	28	2196	0	0	0
98.611	1	1	9862	2	1	28	2196	0	0	0
98.711	1	1	9872	2	1	28	2196	0	0	0
98.811	1	1	9882	2	1	28	2196	0	0	0
98.911	1	1	9892	2	1	28	2196	0	0	0
99.011	1	1	9902	2	1	28	2196	0	0	0
99.111	1	1	9912	2	1	28	2196	0	0	0
99.211	1	1	9922	2	1	28	2196	0	0	0
99.311	1	1	9932	2	1	28	2196	0	0	0
99.411	1	1	9942	2	1	28	2196	0	0	0
99.511	1	1	9952	2	1	28	2196	0	0	0
99.611	1	1	9962	2	1	28	2196	0	0	0
99.711	1	1	9972	2	1	28	2196	0	0	0
99.811	1	1	9982	2	1	28	2196	0	0	0
99.911	1	1	9992	2	1	28	2196	0	0	0
