% time	cellId	IMSI	RNTI	layer	mcs	size	rv	ndi	ccId
113	1	1	1	0	28	2196	0	1	0
213	1	1	1	0	28	2196	0	1	0
313	1	1	1	0	28	2196	0	1	0
413	1	1	1	0	28	2196	0	1	0
513	1	1	1	0	28	2196	0	1	0
613	1	1	1	0	28	2196	0	1	0
713	1	1	1	0	28	2196	0	1	0
813	1	1	1	0	28	2196	0	1	0
913	1	1	1	0	28	2196	0	1	0
1013	1	1	1	0	28	2196	0	1	0
1113	1	1	1	0	28	2196	0	1	0
1213	1	1	1	0	28	2196	0	1	0
1313	1	1	1	0	28	2196	0	1	0
1413	1	1	1	0	28	2196	0	1	0
1513	1	1	1	0	28	2196	0	1	0
1613	1	1	1	0	28	2196	0	1	0
1713	1	1	1	0	28	2196	0	1	0
1813	1	1	1	0	28	2196	0	1	0
1913	1	1	1	0	28	2196	0	1	0
2013	1	1	1	0	28	2196	0	1	0
2113	1	1	1	0	28	2196	0	1	0
2213	1	1	1	0	28	2196	0	1	0
2313	1	1	1	0	28	2196	0	1	0
2413	1	1	1	0	28	2196	0	1	0
2513	1	1	1	0	28	2196	0	1	0
2613	1	1	1	0	28	2196	0	1	0
2713	1	1	1	0	28	2196	0	1	0
2813	1	1	1	0	28	2196	0	1	0
2913	1	1	1	0	28	2196	0	1	0
3013	1	1	1	0	28	2196	0	1	0
3113	1	1	1	0	28	2196	0	1	0
3213	1	1	1	0	28	2196	0	1	0
3313	1	1	1	0	28	2196	0	1	0
3413	1	1	1	0	28	2196	0	1	0
3513	1	1	1	0	28	2196	0	1	0
3613	1	1	1	0	28	2196	0	1	0
3713	1	1	1	0	28	2196	0	1	0
3813	1	1	1	0	28	2196	0	1	0
3913	1	1	1	0	28	2196	0	1	0
4013	1	1	1	0	28	2196	0	1	0
4113	1	1	1	0	28	2196	0	1	0
4213	1	1	1	0	28	2196	0	1	0
4313	1	1	1	0	28	2196	0	1	0
4413	1	1	1	0	28	2196	0	1	0
4513	1	1	1	0	28	2196	0	1	0
4613	1	1	1	0	28	2196	0	1	0
4713	1	1	1	0	28	2196	0	1	0
4813	1	1	1	0	28	2196	0	1	0
4913	1	1	1	0	28	2196	0	1	0
5013	1	1	1	0	28	2196	0	1	0
5113	1	1	1	0	28	2196	0	1	0
5213	1	1	1	0	28	2196	0	1	0
5313	1	1	1	0	28	2196	0	1	0
5413	1	1	1	0	28	2196	0	1	0
5513	1	1	1	0	28	2196	0	1	0
5613	1	1	1	0	28	2196	0	1	0
5713	1	1	1	0	28	2196	0	1	0
5813	1	1	1	0	28	2196	0	1	0
5913	1	1	1	0	28	2196	0	1	0
6013	1	1	1	0	28	2196	0	1	0
6113	1	1	1	0	28	2196	0	1	0
6213	1	1	1	0	28	2196	0	1	0
6313	1	1	1	0	28	2196	0	1	0
6413	1	1	1	0	28	2196	0	1	0
6513	1	1	1	0	28	2196	0	1	0
6613	1	1	1	0	28	2196	0	1	0
6713	1	1	1	0	28	2196	0	1	0
6813	1	1	1	0	28	2196	0	1	0
6913	1	1	1	0	28	2196	0	1	0
7013	1	1	1	0	28	2196	0	1	0
7113	1	1	1	0	28	2196	0	1	0
7213	1	1	1	0	28	2196	0	1	0
7313	1	1	1	0	28	2196	0	1	0
7413	1	1	1	0	28	2196	0	1	0
7513	1	1	1	0	28	2196	0	1	0
7613	1	1	1	0	28	2196	0	1	0
7713	1	1	1	0	28	2196	0	1	0
7813	1	1	1	0	28	2196	0	1	0
7913	1	1	1	0	28	2196	0	1	0
8013	1	1	1	0	28	2196	0	1	0
8113	1	1	1	0	28	2196	0	1	0
8213	1	1	1	0	28	2196	0	1	0
8313	1	1	1	0	28	2196	0	1	0
8413	1	1	1	0	28	2196	0	1	0
8513	1	1	1	0	28	2196	0	1	0
8613	1	1	1	0	28	2196	0	1	0
8713	1	1	1	0	28	2196	0	1	0
8813	1	1	1	0	28	2196	0	1	0
8913	1	1	1	0	28	2196	0	1	0
9013	1	1	1	0	28	2196	0	1	0
9113	1	1	1	0	28	2196	0	1	0
9213	1	1	1	0	28	2196	0	1	0
9313	1	1	1	0	28	2196	0	1	0
9413	1	1	1	0	28	2196	0	1	0
9513	1	1	1	0	28	2196	0	1	0
9613	1	1	1	0	28	2196	0	1	0
9713	1	1	1	0	28	2196	0	1	0
9813	1	1	1	0	28	2196	0	1	0
9913	1	1	1	0	28	2196	0	1	0
10013	1	1	1	0	28	2196	0	1	0
10113	1	1	1	0	28	2196	0	1	0
10213	1	1	1	0	28	2196	0	1	0
10313	1	1	1	0	28	2196	0	1	0
10413	1	1	1	0	28	2196	0	1	0
10513	1	1	1	0	28	2196	0	1	0
10613	1	1	1	0	28	2196	0	1	0
10713	1	1	1	0	28	2196	0	1	0
10813	1	1	1	0	28	2196	0	1	0
10913	1	1	1	0	28	2196	0	1	0
11013	1	1	1	0	28	2196	0	1	0
11113	1	1	1	0	28	2196	0	1	0
11213	1	1	1	0	28	2196	0	1	0
11313	1	1	1	0	28	2196	0	1	0
11413	1	1	1	0	28	2196	0	1	0
11513	1	1	1	0	28	2196	0	1	0
11613	1	1	1	0	28	2196	0	1	0
11713	1	1	1	0	28	2196	0	1	0
11813	1	1	1	0	28	2196	0	1	0
11913	1	1	1	0	28	2196	0	1	0
12013	1	1	1	0	28	2196	0	1	0
12113	1	1	1	0	28	2196	0	1	0
12213	1	1	1	0	28	2196	0	1	0
12313	1	1	1	0	28	2196	0	1	0
12413	1	1	1	0	28	2196	0	1	0
12513	1	1	1	0	28	2196	0	1	0
12613	1	1	1	0	28	2196	0	1	0
12713	1	1	1	0	28	2196	0	1	0
12813	1	1	1	0	28	2196	0	1	0
12913	1	1	1	0	28	2196	0	1	0
13013	1	1	1	0	28	2196	0	1	0
13113	1	1	1	0	28	2196	0	1	0
13213	1	1	1	0	28	2196	0	1	0
13313	1	1	1	0	28	2196	0	1	0
13413	1	1	1	0	28	2196	0	1	0
13513	1	1	1	0	28	2196	0	1	0
13613	1	1	1	0	28	2196	0	1	0
13713	1	1	1	0	28	2196	0	1	0
13813	1	1	1	0	28	2196	0	1	0
13913	1	1	1	0	28	2196	0	1	0
14013	1	1	1	0	28	2196	0	1	0
14113	1	1	1	0	28	2196	0	1	0
14213	1	1	1	0	28	2196	0	1	0
14313	1	1	1	0	28	2196	0	1	0
14413	1	1	1	0	28	2196	0	1	0
14513	1	1	1	0	28	2196	0	1	0
14613	1	1	1	0	28	2196	0	1	0
14713	1	1	1	0	28	2196	0	1	0
14813	1	1	1	0	28	2196	0	1	0
14913	1	1	1	0	28	2196	0	1	0
15013	1	1	1	0	28	2196	0	1	0
15113	1	1	1	0	28	2196	0	1	0
15213	1	1	1	0	28	2196	0	1	0
15313	1	1	1	0	28	2196	0	1	0
15413	1	1	1	0	28	2196	0	1	0
15513	1	1	1	0	28	2196	0	1	0
15613	1	1	1	0	28	2196	0	1	0
15713	1	1	1	0	28	2196	0	1	0
15813	1	1	1	0	28	2196	0	1	0
15913	1	1	1	0	28	2196	0	1	0
16013	1	1	1	0	28	2196	0	1	0
16113	1	1	1	0	28	2196	0	1	0
16213	1	1	1	0	28	2196	0	1	0
16313	1	1	1	0	28	2196	0	1	0
16413	1	1	1	0	28	2196	0	1	0
16513	1	1	1	0	28	2196	0	1	0
16613	1	1	1	0	28	2196	0	1	0
16713	1	1	1	0	28	2196	0	1	0
16813	1	1	1	0	28	2196	0	1	0
16913	1	1	1	0	28	2196	0	1	0
17013	1	1	1	0	28	2196	0	1	0
17113	1	1	1	0	28	2196	0	1	0
17213	1	1	1	0	28	2196	0	1	0
17313	1	1	1	0	28	2196	0	1	0
17413	1	1	1	0	28	2196	0	1	0
17513	1	1	1	0	28	2196	0	1	0
17613	1	1	1	0	28	2196	0	1	0
17713	1	1	1	0	28	2196	0	1	0
17813	1	1	1	0	28	2196	0	1	0
17913	1	1	1	0	28	2196	0	1	0
18013	1	1	1	0	28	2196	0	1	0
18113	1	1	1	0	28	2196	0	1	0
18213	1	1	1	0	28	2196	0	1	0
18313	1	1	1	0	28	2196	0	1	0
18413	1	1	1	0	28	2196	0	1	0
18513	1	1	1	0	28	2196	0	1	0
18613	1	1	1	0	28	2196	0	1	0
18713	1	1	1	0	28	2196	0	1	0
18813	1	1	1	0	28	2196	0	1	0
18913	1	1	1	0	28	2196	0	1	0
19013	1	1	1	0	28	2196	0	1	0
19113	1	1	1	0	28	2196	0	1	0
19213	1	1	1	0	28	2196	0	1	0
19313	1	1	1	0	28	2196	0	1	0
19413	1	1	1	0	28	2196	0	1	0
19513	1	1	1	0	28	2196	0	1	0
19613	1	1	1	0	28	2196	0	1	0
19713	1	1	1	0	28	2196	0	1	0
19813	1	1	1	0	28	2196	0	1	0
19913	1	1	1	0	28	2196	0	1	0
20013	1	1	1	0	28	2196	0	1	0
20113	1	1	1	0	28	2196	0	1	0
20213	1	1	1	0	28	2196	0	1	0
20313	1	1	1	0	28	2196	0	1	0
20413	1	1	1	0	28	2196	0	1	0
20513	1	1	1	0	28	2196	0	1	0
20613	1	1	1	0	28	2196	0	1	0
20713	1	1	1	0	28	2196	0	1	0
20813	1	1	1	0	28	2196	0	1	0
20913	1	1	1	0	28	2196	0	1	0
21013	1	1	1	0	28	2196	0	1	0
21113	1	1	1	0	28	2196	0	1	0
21213	1	1	1	0	28	2196	0	1	0
21313	1	1	1	0	28	2196	0	1	0
21413	1	1	1	0	28	2196	0	1	0
21513	1	1	1	0	28	2196	0	1	0
21613	1	1	1	0	28	2196	0	1	0
21713	1	1	1	0	28	2196	0	1	0
21813	1	1	1	0	28	2196	0	1	0
21913	1	1	1	0	28	2196	0	1	0
22013	1	1	1	0	28	2196	0	1	0
22113	1	1	1	0	28	2196	0	1	0
22213	1	1	1	0	28	2196	0	1	0
22313	1	1	1	0	28	2196	0	1	0
22413	1	1	1	0	28	2196	0	1	0
22513	1	1	1	0	28	2196	0	1	0
22613	1	1	1	0	28	2196	0	1	0
22713	1	1	1	0	28	2196	0	1	0
22813	1	1	1	0	28	2196	0	1	0
22913	1	1	1	0	28	2196	0	1	0
23013	1	1	1	0	28	2196	0	1	0
23113	1	1	1	0	28	2196	0	1	0
23213	1	1	1	0	28	2196	0	1	0
23313	1	1	1	0	28	2196	0	1	0
23413	1	1	1	0	28	2196	0	1	0
23513	1	1	1	0	28	2196	0	1	0
23613	1	1	1	0	28	2196	0	1	0
23713	1	1	1	0	28	2196	0	1	0
23813	1	1	1	0	28	2196	0	1	0
23913	1	1	1	0	28	2196	0	1	0
24013	1	1	1	0	28	2196	0	1	0
24113	1	1	1	0	28	2196	0	1	0
24213	1	1	1	0	28	2196	0	1	0
24313	1	1	1	0	28	2196	0	1	0
24413	1	1	1	0	28	2196	0	1	0
24513	1	1	1	0	28	2196	0	1	0
24613	1	1	1	0	28	2196	0	1	0
24713	1	1	1	0	28	2196	0	1	0
24813	1	1	1	0	28	2196	0	1	0
24913	1	1	1	0	28	2196	0	1	0
25013	1	1	1	0	28	2196	0	1	0
25113	1	1	1	0	28	2196	0	1	0
25213	1	1	1	0	28	2196	0	1	0
25313	1	1	1	0	28	2196	0	1	0
25413	1	1	1	0	28	2196	0	1	0
25513	1	1	1	0	28	2196	0	1	0
25613	1	1	1	0	28	2196	0	1	0
25713	1	1	1	0	28	2196	0	1	0
25813	1	1	1	0	28	2196	0	1	0
25913	1	1	1	0	28	2196	0	1	0
26013	1	1	1	0	28	2196	0	1	0
26113	1	1	1	0	28	2196	0	1	0
26213	1	1	1	0	28	2196	0	1	0
26313	1	1	1	0	28	2196	0	1	0
26413	1	1	1	0	28	2196	0	1	0
26513	1	1	1	0	28	2196	0	1	0
26613	1	1	1	0	28	2196	0	1	0
26713	1	1	1	0	28	2196	0	1	0
26813	1	1	1	0	28	2196	0	1	0
26913	1	1	1	0	28	2196	0	1	0
27013	1	1	1	0	28	2196	0	1	0
27113	1	1	1	0	28	2196	0	1	0
27213	1	1	1	0	28	2196	0	1	0
27313	1	1	1	0	28	2196	0	1	0
27413	1	1	1	0	28	2196	0	1	0
27513	1	1	1	0	28	2196	0	1	0
27613	1	1	1	0	28	2196	0	1	0
27713	1	1	1	0	28	2196	0	1	0
27813	1	1	1	0	28	2196	0	1	0
27913	1	1	1	0	28	2196	0	1	0
28013	1	1	1	0	28	2196	0	1	0
28113	1	1	1	0	28	2196	0	1	0
28213	1	1	1	0	28	2196	0	1	0
28313	1	1	1	0	28	2196	0	1	0
28413	1	1	1	0	28	2196	0	1	0
28513	1	1	1	0	28	2196	0	1	0
28613	1	1	1	0	28	2196	0	1	0
28713	1	1	1	0	28	2196	0	1	0
28813	1	1	1	0	28	2196	0	1	0
28913	1	1	1	0	28	2196	0	1	0
29013	1	1	1	0	28	2196	0	1	0
29113	1	1	1	0	28	2196	0	1	0
29213	1	1	1	0	28	2196	0	1	0
29313	1	1	1	0	28	2196	0	1	0
29413	1	1	1	0	28	2196	0	1	0
29513	1	1	1	0	28	2196	0	1	0
29613	1	1	1	0	28	2196	0	1	0
29713	1	1	1	0	28	2196	0	1	0
29813	1	1	1	0	28	2196	0	1	0
29913	1	1	1	0	28	2196	0	1	0
30013	1	1	1	0	28	2196	0	1	0
30113	1	1	1	0	28	2196	0	1	0
30213	1	1	1	0	28	2196	0	1	0
30313	1	1	1	0	28	2196	0	1	0
30413	1	1	1	0	28	2196	0	1	0
30513	1	1	1	0	28	2196	0	1	0
30613	1	1	1	0	28	2196	0	1	0
30713	1	1	1	0	28	2196	0	1	0
30813	1	1	1	0	28	2196	0	1	0
30913	1	1	1	0	28	2196	0	1	0
31013	1	1	1	0	28	2196	0	1	0
31113	1	1	1	0	28	2196	0	1	0
31213	1	1	1	0	28	2196	0	1	0
31313	1	1	1	0	28	2196	0	1	0
31413	1	1	1	0	28	2196	0	1	0
31513	1	1	1	0	28	2196	0	1	0
31613	1	1	1	0	28	2196	0	1	0
31713	1	1	1	0	28	2196	0	1	0
31813	1	1	1	0	28	2196	0	1	0
31913	1	1	1	0	28	2196	0	1	0
32013	1	1	1	0	28	2196	0	1	0
32113	1	1	1	0	28	2196	0	1	0
32213	1	1	1	0	28	2196	0	1	0
32313	1	1	1	0	28	2196	0	1	0
32413	1	1	1	0	28	2196	0	1	0
32513	1	1	1	0	28	2196	0	1	0
32613	1	1	1	0	28	2196	0	1	0
32713	1	1	1	0	28	2196	0	1	0
32813	1	1	1	0	28	2196	0	1	0
32913	1	1	1	0	28	2196	0	1	0
33013	1	1	1	0	28	2196	0	1	0
33113	1	1	1	0	28	2196	0	1	0
33213	1	1	1	0	28	2196	0	1	0
33313	1	1	1	0	28	2196	0	1	0
33413	1	1	1	0	28	2196	0	1	0
33513	1	1	1	0	28	2196	0	1	0
33613	1	1	1	0	28	2196	0	1	0
33713	1	1	1	0	28	2196	0	1	0
33813	1	1	1	0	28	2196	0	1	0
33913	1	1	1	0	28	2196	0	1	0
34013	1	1	1	0	28	2196	0	1	0
34113	1	1	1	0	28	2196	0	1	0
34213	1	1	1	0	28	2196	0	1	0
34313	1	1	1	0	28	2196	0	1	0
34413	1	1	1	0	28	2196	0	1	0
34513	1	1	1	0	28	2196	0	1	0
34613	1	1	1	0	28	2196	0	1	0
34713	1	1	1	0	28	2196	0	1	0
34813	1	1	1	0	28	2196	0	1	0
34913	1	1	1	0	28	2196	0	1	0
35013	1	1	1	0	28	2196	0	1	0
35113	1	1	1	0	28	2196	0	1	0
35213	1	1	1	0	28	2196	0	1	0
35313	1	1	1	0	28	2196	0	1	0
35413	1	1	1	0	28	2196	0	1	0
35513	1	1	1	0	28	2196	0	1	0
35613	1	1	1	0	28	2196	0	1	0
35713	1	1	1	0	28	2196	0	1	0
35813	1	1	1	0	28	2196	0	1	0
35913	1	1	1	0	28	2196	0	1	0
36013	1	1	1	0	28	2196	0	1	0
36113	1	1	1	0	28	2196	0	1	0
36213	1	1	1	0	28	2196	0	1	0
36313	1	1	1	0	28	2196	0	1	0
36413	1	1	1	0	28	2196	0	1	0
36513	1	1	1	0	28	2196	0	1	0
36613	1	1	1	0	28	2196	0	1	0
36713	1	1	1	0	28	2196	0	1	0
36813	1	1	1	0	28	2196	0	1	0
36913	1	1	1	0	28	2196	0	1	0
37013	1	1	1	0	28	2196	0	1	0
37113	1	1	1	0	28	2196	0	1	0
37213	1	1	1	0	28	2196	0	1	0
37313	1	1	1	0	28	2196	0	1	0
37413	1	1	1	0	28	2196	0	1	0
37513	1	1	1	0	28	2196	0	1	0
37613	1	1	1	0	28	2196	0	1	0
37713	1	1	1	0	28	2196	0	1	0
37813	1	1	1	0	28	2196	0	1	0
37913	1	1	1	0	28	2196	0	1	0
38013	1	1	1	0	28	2196	0	1	0
38113	1	1	1	0	28	2196	0	1	0
38213	1	1	1	0	28	2196	0	1	0
38313	1	1	1	0	28	2196	0	1	0
38413	1	1	1	0	28	2196	0	1	0
38513	1	1	1	0	28	2196	0	1	0
38613	1	1	1	0	28	2196	0	1	0
38713	1	1	1	0	28	2196	0	1	0
38813	1	1	1	0	28	2196	0	1	0
38913	1	1	1	0	28	2196	0	1	0
39013	1	1	1	0	28	2196	0	1	0
39113	1	1	1	0	28	2196	0	1	0
39213	1	1	1	0	28	2196	0	1	0
39313	1	1	1	0	28	2196	0	1	0
39413	1	1	1	0	28	2196	0	1	0
39513	1	1	1	0	28	2196	0	1	0
39613	1	1	1	0	28	2196	0	1	0
39713	1	1	1	0	28	2196	0	1	0
39813	1	1	1	0	28	2196	0	1	0
39913	1	1	1	0	28	2196	0	1	0
40013	1	1	1	0	28	2196	0	1	0
40113	1	1	1	0	28	2196	0	1	0
40213	1	1	1	0	28	2196	0	1	0
40313	1	1	1	0	28	2196	0	1	0
40413	1	1	1	0	28	2196	0	1	0
40513	1	1	1	0	28	2196	0	1	0
40613	1	1	1	0	28	2196	0	1	0
40713	1	1	1	0	28	2196	0	1	0
40813	1	1	1	0	28	2196	0	1	0
40913	1	1	1	0	28	2196	0	1	0
41013	1	1	1	0	28	2196	0	1	0
41113	1	1	1	0	28	2196	0	1	0
41213	1	1	1	0	28	2196	0	1	0
41313	1	1	1	0	28	2196	0	1	0
41413	1	1	1	0	28	2196	0	1	0
41513	1	1	1	0	28	2196	0	1	0
41613	1	1	1	0	28	2196	0	1	0
41713	1	1	1	0	28	2196	0	1	0
41813	1	1	1	0	28	2196	0	1	0
41913	1	1	1	0	28	2196	0	1	0
42013	1	1	1	0	28	2196	0	1	0
42113	1	1	1	0	28	2196	0	1	0
42213	1	1	1	0	28	2196	0	1	0
42313	1	1	1	0	28	2196	0	1	0
42413	1	1	1	0	28	2196	0	1	0
42513	1	1	1	0	28	2196	0	1	0
42613	1	1	1	0	28	2196	0	1	0
42713	1	1	1	0	28	2196	0	1	0
42813	1	1	1	0	28	2196	0	1	0
42913	1	1	1	0	28	2196	0	1	0
43013	1	1	1	0	28	2196	0	1	0
43113	1	1	1	0	28	2196	0	1	0
43213	1	1	1	0	28	2196	0	1	0
43313	1	1	1	0	28	2196	0	1	0
43413	1	1	1	0	28	2196	0	1	0
43513	1	1	1	0	28	2196	0	1	0
43613	1	1	1	0	28	2196	0	1	0
43713	1	1	1	0	28	2196	0	1	0
43813	1	1	1	0	28	2196	0	1	0
43913	1	1	1	0	28	2196	0	1	0
44013	1	1	1	0	28	2196	0	1	0
44113	1	1	1	0	28	2196	0	1	0
44213	1	1	1	0	28	2196	0	1	0
44313	1	1	1	0	28	2196	0	1	0
44413	1	1	1	0	28	2196	0	1	0
44513	1	1	1	0	28	2196	0	1	0
44613	1	1	1	0	28	2196	0	1	0
44713	1	1	1	0	28	2196	0	1	0
44813	1	1	1	0	28	2196	0	1	0
44913	1	1	1	0	28	2196	0	1	0
45013	1	1	1	0	28	2196	0	1	0
45113	1	1	1	0	28	2196	0	1	0
45213	1	1	1	0	28	2196	0	1	0
45313	1	1	1	0	28	2196	0	1	0
45413	1	1	1	0	28	2196	0	1	0
45513	1	1	1	0	28	2196	0	1	0
45613	1	1	1	0	28	2196	0	1	0
45713	1	1	1	0	28	2196	0	1	0
45813	1	1	1	0	28	2196	0	1	0
45913	1	1	1	0	28	2196	0	1	0
46013	1	1	1	0	28	2196	0	1	0
46113	1	1	1	0	28	2196	0	1	0
46213	1	1	1	0	28	2196	0	1	0
46313	1	1	1	0	28	2196	0	1	0
46413	1	1	1	0	28	2196	0	1	0
46513	1	1	1	0	28	2196	0	1	0
46613	1	1	1	0	28	2196	0	1	0
46713	1	1	1	0	28	2196	0	1	0
46813	1	1	1	0	28	2196	0	1	0
46913	1	1	1	0	28	2196	0	1	0
47013	1	1	1	0	28	2196	0	1	0
47113	1	1	1	0	28	2196	0	1	0
47213	1	1	1	0	28	2196	0	1	0
47313	1	1	1	0	28	2196	0	1	0
47413	1	1	1	0	28	2196	0	1	0
47513	1	1	1	0	28	2196	0	1	0
47613	1	1	1	0	28	2196	0	1	0
47713	1	1	1	0	28	2196	0	1	0
47813	1	1	1	0	28	2196	0	1	0
47913	1	1	1	0	28	2196	0	1	0
48013	1	1	1	0	28	2196	0	1	0
48113	1	1	1	0	28	2196	0	1	0
48213	1	1	1	0	28	2196	0	1	0
48313	1	1	1	0	28	2196	0	1	0
48413	1	1	1	0	28	2196	0	1	0
48513	1	1	1	0	28	2196	0	1	0
48613	1	1	1	0	28	2196	0	1	0
48713	1	1	1	0	28	2196	0	1	0
48813	1	1	1	0	28	2196	0	1	0
48913	1	1	1	0	28	2196	0	1	0
49013	1	1	1	0	28	2196	0	1	0
49113	1	1	1	0	28	2196	0	1	0
49213	1	1	1	0	28	2196	0	1	0
49313	1	1	1	0	28	2196	0	1	0
49413	1	1	1	0	28	2196	0	1	0
49513	1	1	1	0	28	2196	0	1	0
49613	1	1	1	0	28	2196	0	1	0
49713	1	1	1	0	28	2196	0	1	0
49813	1	1	1	0	28	2196	0	1	0
49913	1	1	1	0	28	2196	0	1	0
50013	1	1	1	0	28	2196	0	1	0
50113	1	1	1	0	28	2196	0	1	0
50213	1	1	1	0	28	2196	0	1	0
50313	1	1	1	0	28	2196	0	1	0
50413	1	1	1	0	28	2196	0	1	0
50513	1	1	1	0	28	2196	0	1	0
50613	1	1	1	0	28	2196	0	1	0
50713	1	1	1	0	28	2196	0	1	0
50813	1	1	1	0	28	2196	0	1	0
50913	1	1	1	0	28	2196	0	1	0
51013	1	1	1	0	28	2196	0	1	0
51113	1	1	1	0	28	2196	0	1	0
51213	1	1	1	0	28	2196	0	1	0
51313	1	1	1	0	28	2196	0	1	0
51413	1	1	1	0	28	2196	0	1	0
51513	1	1	1	0	28	2196	0	1	0
51613	1	1	1	0	28	2196	0	1	0
51713	1	1	1	0	28	2196	0	1	0
51813	1	1	1	0	28	2196	0	1	0
51913	1	1	1	0	28	2196	0	1	0
52013	1	1	1	0	28	2196	0	1	0
52113	1	1	1	0	28	2196	0	1	0
52213	1	1	1	0	28	2196	0	1	0
52313	1	1	1	0	28	2196	0	1	0
52413	1	1	1	0	28	2196	0	1	0
52513	1	1	1	0	28	2196	0	1	0
52613	1	1	1	0	28	2196	0	1	0
52713	1	1	1	0	28	2196	0	1	0
52813	1	1	1	0	28	2196	0	1	0
52913	1	1	1	0	28	2196	0	1	0
53013	1	1	1	0	28	2196	0	1	0
53113	1	1	1	0	28	2196	0	1	0
53213	1	1	1	0	28	2196	0	1	0
53313	1	1	1	0	28	2196	0	1	0
53413	1	1	1	0	28	2196	0	1	0
53513	1	1	1	0	28	2196	0	1	0
53613	1	1	1	0	28	2196	0	1	0
53713	1	1	1	0	28	2196	0	1	0
53813	1	1	1	0	28	2196	0	1	0
53913	1	1	1	0	28	2196	0	1	0
54013	1	1	1	0	28	2196	0	1	0
54113	1	1	1	0	28	2196	0	1	0
54213	1	1	1	0	28	2196	0	1	0
54313	1	1	1	0	28	2196	0	1	0
54413	1	1	1	0	28	2196	0	1	0
54513	1	1	1	0	28	2196	0	1	0
54613	1	1	1	0	28	2196	0	1	0
54713	1	1	1	0	28	2196	0	1	0
54813	1	1	1	0	28	2196	0	1	0
54913	1	1	1	0	28	2196	0	1	0
55013	1	1	1	0	28	2196	0	1	0
55113	1	1	1	0	28	2196	0	1	0
55213	1	1	1	0	28	2196	0	1	0
55313	1	1	1	0	28	2196	0	1	0
55413	1	1	1	0	28	2196	0	1	0
55513	1	1	1	0	28	2196	0	1	0
55613	1	1	1	0	28	2196	0	1	0
55713	1	1	1	0	28	2196	0	1	0
55813	1	1	1	0	28	2196	0	1	0
55913	1	1	1	0	28	2196	0	1	0
56013	1	1	1	0	28	2196	0	1	0
56113	1	1	1	0	28	2196	0	1	0
56213	1	1	1	0	28	2196	0	1	0
56313	1	1	1	0	28	2196	0	1	0
56413	1	1	1	0	28	2196	0	1	0
56513	1	1	1	0	28	2196	0	1	0
56613	1	1	1	0	28	2196	0	1	0
56713	1	1	1	0	28	2196	0	1	0
56813	1	1	1	0	28	2196	0	1	0
56913	1	1	1	0	28	2196	0	1	0
57013	1	1	1	0	28	2196	0	1	0
57113	1	1	1	0	28	2196	0	1	0
57213	1	1	1	0	28	2196	0	1	0
57313	1	1	1	0	28	2196	0	1	0
57413	1	1	1	0	28	2196	0	1	0
57513	1	1	1	0	28	2196	0	1	0
57613	1	1	1	0	28	2196	0	1	0
57713	1	1	1	0	28	2196	0	1	0
57813	1	1	1	0	28	2196	0	1	0
57913	1	1	1	0	28	2196	0	1	0
58013	1	1	1	0	28	2196	0	1	0
58113	1	1	1	0	28	2196	0	1	0
58213	1	1	1	0	28	2196	0	1	0
58313	1	1	1	0	28	2196	0	1	0
58413	1	1	1	0	28	2196	0	1	0
58513	1	1	1	0	28	2196	0	1	0
58613	1	1	1	0	28	2196	0	1	0
58713	1	1	1	0	28	2196	0	1	0
58813	1	1	1	0	28	2196	0	1	0
58913	1	1	1	0	28	2196	0	1	0
59013	1	1	1	0	28	2196	0	1	0
59113	1	1	1	0	28	2196	0	1	0
59213	1	1	1	0	28	2196	0	1	0
59313	1	1	1	0	28	2196	0	1	0
59413	1	1	1	0	28	2196	0	1	0
59513	1	1	1	0	28	2196	0	1	0
59613	1	1	1	0	28	2196	0	1	0
59713	1	1	1	0	28	2196	0	1	0
59813	1	1	1	0	28	2196	0	1	0
59913	1	1	1	0	28	2196	0	1	0
60013	1	1	1	0	28	2196	0	1	0
60113	1	1	1	0	28	2196	0	1	0
60213	1	1	1	0	28	2196	0	1	0
60313	1	1	1	0	28	2196	0	1	0
60413	1	1	1	0	28	2196	0	1	0
60513	1	1	1	0	28	2196	0	1	0
60613	1	1	1	0	28	2196	0	1	0
60713	1	1	1	0	28	2196	0	1	0
60813	1	1	1	0	28	2196	0	1	0
60913	1	1	1	0	28	2196	0	1	0
61013	1	1	1	0	28	2196	0	1	0
61113	1	1	1	0	28	2196	0	1	0
61213	1	1	1	0	28	2196	0	1	0
61313	1	1	1	0	28	2196	0	1	0
61413	1	1	1	0	28	2196	0	1	0
61513	1	1	1	0	28	2196	0	1	0
61613	1	1	1	0	28	2196	0	1	0
61713	1	1	1	0	28	2196	0	1	0
61813	1	1	1	0	28	2196	0	1	0
61913	1	1	1	0	28	2196	0	1	0
62013	1	1	1	0	28	2196	0	1	0
62113	1	1	1	0	28	2196	0	1	0
62213	1	1	1	0	28	2196	0	1	0
62313	1	1	1	0	28	2196	0	1	0
62413	1	1	1	0	28	2196	0	1	0
62513	1	1	1	0	28	2196	0	1	0
62613	1	1	1	0	28	2196	0	1	0
62713	1	1	1	0	28	2196	0	1	0
62813	1	1	1	0	28	2196	0	1	0
62913	1	1	1	0	28	2196	0	1	0
63013	1	1	1	0	28	2196	0	1	0
63113	1	1	1	0	28	2196	0	1	0
63213	1	1	1	0	28	2196	0	1	0
63313	1	1	1	0	28	2196	0	1	0
63413	1	1	1	0	28	2196	0	1	0
63513	1	1	1	0	28	2196	0	1	0
63613	1	1	1	0	28	2196	0	1	0
63713	1	1	1	0	28	2196	0	1	0
63813	1	1	1	0	28	2196	0	1	0
63913	1	1	1	0	28	2196	0	1	0
64013	1	1	1	0	28	2196	0	1	0
64113	1	1	1	0	28	2196	0	1	0
64213	1	1	1	0	28	2196	0	1	0
64313	1	1	1	0	28	2196	0	1	0
64413	1	1	1	0	28	2196	0	1	0
64513	1	1	1	0	28	2196	0	1	0
64613	1	1	1	0	28	2196	0	1	0
64713	1	1	1	0	28	2196	0	1	0
64813	1	1	1	0	28	2196	0	1	0
64913	1	1	1	0	28	2196	0	1	0
65013	1	1	1	0	28	2196	0	1	0
65113	1	1	1	0	28	2196	0	1	0
65213	1	1	1	0	28	2196	0	1	0
65313	1	1	1	0	28	2196	0	1	0
65413	1	1	1	0	28	2196	0	1	0
65513	1	1	1	0	28	2196	0	1	0
65613	1	1	1	0	28	2196	0	1	0
65713	1	1	1	0	28	2196	0	1	0
65813	1	1	1	0	28	2196	0	1	0
65913	1	1	1	0	28	2196	0	1	0
66013	1	1	1	0	28	2196	0	1	0
66113	1	1	1	0	28	2196	0	1	0
66213	1	1	1	0	28	2196	0	1	0
66313	1	1	1	0	28	2196	0	1	0
66413	1	1	1	0	28	2196	0	1	0
66513	1	1	1	0	28	2196	0	1	0
66613	1	1	1	0	28	2196	0	1	0
66713	1	1	1	0	28	2196	0	1	0
66813	1	1	1	0	28	2196	0	1	0
66913	1	1	1	0	28	2196	0	1	0
67013	1	1	1	0	28	2196	0	1	0
67113	1	1	1	0	28	2196	0	1	0
67213	1	1	1	0	28	2196	0	1	0
67313	1	1	1	0	28	2196	0	1	0
67413	1	1	1	0	28	2196	0	1	0
67513	1	1	1	0	28	2196	0	1	0
67613	1	1	1	0	28	2196	0	1	0
67713	1	1	1	0	28	2196	0	1	0
67813	1	1	1	0	28	2196	0	1	0
67913	1	1	1	0	28	2196	0	1	0
68013	1	1	1	0	28	2196	0	1	0
68113	1	1	1	0	28	2196	0	1	0
68213	1	1	1	0	28	2196	0	1	0
68313	1	1	1	0	28	2196	0	1	0
68413	1	1	1	0	28	2196	0	1	0
68513	1	1	1	0	28	2196	0	1	0
68613	1	1	1	0	28	2196	0	1	0
68713	1	1	1	0	28	2196	0	1	0
68813	1	1	1	0	28	2196	0	1	0
68913	1	1	1	0	28	2196	0	1	0
69013	1	1	1	0	28	2196	0	1	0
69113	1	1	1	0	28	2196	0	1	0
69213	1	1	1	0	28	2196	0	1	0
69313	1	1	1	0	28	2196	0	1	0
69413	1	1	1	0	28	2196	0	1	0
69513	1	1	1	0	28	2196	0	1	0
69613	1	1	1	0	28	2196	0	1	0
69713	1	1	1	0	28	2196	0	1	0
69813	1	1	1	0	28	2196	0	1	0
69913	1	1	1	0	28	2196	0	1	0
70013	1	1	1	0	28	2196	0	1	0
70113	1	1	1	0	28	2196	0	1	0
70213	1	1	1	0	28	2196	0	1	0
70313	1	1	1	0	28	2196	0	1	0
70413	1	1	1	0	28	2196	0	1	0
70513	1	1	1	0	28	2196	0	1	0
70613	1	1	1	0	28	2196	0	1	0
70713	1	1	1	0	28	2196	0	1	0
70813	1	1	1	0	28	2196	0	1	0
70913	1	1	1	0	28	2196	0	1	0
71013	1	1	1	0	28	2196	0	1	0
71113	1	1	1	0	28	2196	0	1	0
71213	1	1	1	0	28	2196	0	1	0
71313	1	1	1	0	28	2196	0	1	0
71413	1	1	1	0	28	2196	0	1	0
71513	1	1	1	0	28	2196	0	1	0
71613	1	1	1	0	28	2196	0	1	0
71713	1	1	1	0	28	2196	0	1	0
71813	1	1	1	0	28	2196	0	1	0
71913	1	1	1	0	28	2196	0	1	0
72013	1	1	1	0	28	2196	0	1	0
72113	1	1	1	0	28	2196	0	1	0
72213	1	1	1	0	28	2196	0	1	0
72313	1	1	1	0	28	2196	0	1	0
72413	1	1	1	0	28	2196	0	1	0
72513	1	1	1	0	28	2196	0	1	0
72613	1	1	1	0	28	2196	0	1	0
72713	1	1	1	0	28	2196	0	1	0
72813	1	1	1	0	28	2196	0	1	0
72913	1	1	1	0	28	2196	0	1	0
73013	1	1	1	0	28	2196	0	1	0
73113	1	1	1	0	28	2196	0	1	0
73213	1	1	1	0	28	2196	0	1	0
73313	1	1	1	0	28	2196	0	1	0
73413	1	1	1	0	28	2196	0	1	0
73513	1	1	1	0	28	2196	0	1	0
73613	1	1	1	0	28	2196	0	1	0
73713	1	1	1	0	28	2196	0	1	0
73813	1	1	1	0	28	2196	0	1	0
73913	1	1	1	0	28	2196	0	1	0
74013	1	1	1	0	28	2196	0	1	0
74113	1	1	1	0	28	2196	0	1	0
74213	1	1	1	0	28	2196	0	1	0
74313	1	1	1	0	28	2196	0	1	0
74413	1	1	1	0	28	2196	0	1	0
74513	1	1	1	0	28	2196	0	1	0
74613	1	1	1	0	28	2196	0	1	0
74713	1	1	1	0	28	2196	0	1	0
74813	1	1	1	0	28	2196	0	1	0
74913	1	1	1	0	28	2196	0	1	0
75013	1	1	1	0	28	2196	0	1	0
75113	1	1	1	0	28	2196	0	1	0
75213	1	1	1	0	28	2196	0	1	0
75313	1	1	1	0	28	2196	0	1	0
75413	1	1	1	0	28	2196	0	1	0
75513	1	1	1	0	28	2196	0	1	0
75613	1	1	1	0	28	2196	0	1	0
75713	1	1	1	0	28	2196	0	1	0
75813	1	1	1	0	28	2196	0	1	0
75913	1	1	1	0	28	2196	0	1	0
76013	1	1	1	0	28	2196	0	1	0
76113	1	1	1	0	28	2196	0	1	0
76213	1	1	1	0	28	2196	0	1	0
76313	1	1	1	0	28	2196	0	1	0
76413	1	1	1	0	28	2196	0	1	0
76513	1	1	1	0	28	2196	0	1	0
76613	1	1	1	0	28	2196	0	1	0
76713	1	1	1	0	28	2196	0	1	0
76813	1	1	1	0	28	2196	0	1	0
76913	1	1	1	0	28	2196	0	1	0
77013	1	1	1	0	28	2196	0	1	0
77113	1	1	1	0	28	2196	0	1	0
77213	1	1	1	0	28	2196	0	1	0
77313	1	1	1	0	28	2196	0	1	0
77413	1	1	1	0	28	2196	0	1	0
77513	1	1	1	0	28	2196	0	1	0
77613	1	1	1	0	28	2196	0	1	0
77713	1	1	1	0	28	2196	0	1	0
77813	1	1	1	0	28	2196	0	1	0
77913	1	1	1	0	28	2196	0	1	0
78013	1	1	1	0	28	2196	0	1	0
78113	1	1	1	0	28	2196	0	1	0
78213	1	1	1	0	28	2196	0	1	0
78313	1	1	1	0	28	2196	0	1	0
78413	1	1	1	0	28	2196	0	1	0
78513	1	1	1	0	28	2196	0	1	0
78613	1	1	1	0	28	2196	0	1	0
78713	1	1	1	0	28	2196	0	1	0
78813	1	1	1	0	28	2196	0	1	0
78913	1	1	1	0	28	2196	0	1	0
79013	1	1	1	0	28	2196	0	1	0
79113	1	1	1	0	28	2196	0	1	0
79213	1	1	1	0	28	2196	0	1	0
79313	1	1	1	0	28	2196	0	1	0
79413	1	1	1	0	28	2196	0	1	0
79513	1	1	1	0	28	2196	0	1	0
79613	1	1	1	0	28	2196	0	1	0
79713	1	1	1	0	28	2196	0	1	0
79813	1	1	1	0	28	2196	0	1	0
79913	1	1	1	0	28	2196	0	1	0
80013	1	1	1	0	28	2196	0	1	0
80113	1	1	1	0	28	2196	0	1	0
80213	1	1	1	0	28	2196	0	1	0
80313	1	1	1	0	28	2196	0	1	0
80413	1	1	1	0	28	2196	0	1	0
80513	1	1	1	0	28	2196	0	1	0
80613	1	1	1	0	28	2196	0	1	0
80713	1	1	1	0	28	2196	0	1	0
80813	1	1	1	0	28	2196	0	1	0
80913	1	1	1	0	28	2196	0	1	0
81013	1	1	1	0	28	2196	0	1	0
81113	1	1	1	0	28	2196	0	1	0
81213	1	1	1	0	28	2196	0	1	0
81313	1	1	1	0	28	2196	0	1	0
81413	1	1	1	0	28	2196	0	1	0
81513	1	1	1	0	28	2196	0	1	0
81613	1	1	1	0	28	2196	0	1	0
81713	1	1	1	0	28	2196	0	1	0
81813	1	1	1	0	28	2196	0	1	0
81913	1	1	1	0	28	2196	0	1	0
82013	1	1	1	0	28	2196	0	1	0
82113	1	1	1	0	28	2196	0	1	0
82213	1	1	1	0	28	2196	0	1	0
82313	1	1	1	0	28	2196	0	1	0
82413	1	1	1	0	28	2196	0	1	0
82513	1	1	1	0	28	2196	0	1	0
82613	1	1	1	0	28	2196	0	1	0
82713	1	1	1	0	28	2196	0	1	0
82813	1	1	1	0	28	2196	0	1	0
82913	1	1	1	0	28	2196	0	1	0
83013	1	1	1	0	28	2196	0	1	0
83113	1	1	1	0	28	2196	0	1	0
83213	1	1	1	0	28	2196	0	1	0
83313	1	1	1	0	28	2196	0	1	0
83413	1	1	1	0	28	2196	0	1	0
83513	1	1	1	0	28	2196	0	1	0
83613	1	1	1	0	28	2196	0	1	0
83713	1	1	1	0	28	2196	0	1	0
83813	1	1	1	0	28	2196	0	1	0
83913	1	1	1	0	28	2196	0	1	0
84013	1	1	1	0	28	2196	0	1	0
84113	1	1	1	0	28	2196	0	1	0
84213	1	1	1	0	28	2196	0	1	0
84313	1	1	1	0	28	2196	0	1	0
84413	1	1	1	0	28	2196	0	1	0
84513	1	1	1	0	28	2196	0	1	0
84613	1	1	1	0	28	2196	0	1	0
84713	1	1	1	0	28	2196	0	1	0
84813	1	1	1	0	28	2196	0	1	0
84913	1	1	1	0	28	2196	0	1	0
85013	1	1	1	0	28	2196	0	1	0
85113	1	1	1	0	28	2196	0	1	0
85213	1	1	1	0	28	2196	0	1	0
85313	1	1	1	0	28	2196	0	1	0
85413	1	1	1	0	28	2196	0	1	0
85513	1	1	1	0	28	2196	0	1	0
85613	1	1	1	0	28	2196	0	1	0
85713	1	1	1	0	28	2196	0	1	0
85813	1	1	1	0	28	2196	0	1	0
85913	1	1	1	0	28	2196	0	1	0
86013	1	1	1	0	28	2196	0	1	0
86113	1	1	1	0	28	2196	0	1	0
86213	1	1	1	0	28	2196	0	1	0
86313	1	1	1	0	28	2196	0	1	0
86413	1	1	1	0	28	2196	0	1	0
86513	1	1	1	0	28	2196	0	1	0
86613	1	1	1	0	28	2196	0	1	0
86713	1	1	1	0	28	2196	0	1	0
86813	1	1	1	0	28	2196	0	1	0
86913	1	1	1	0	28	2196	0	1	0
87013	1	1	1	0	28	2196	0	1	0
87113	1	1	1	0	28	2196	0	1	0
87213	1	1	1	0	28	2196	0	1	0
87313	1	1	1	0	28	2196	0	1	0
87413	1	1	1	0	28	2196	0	1	0
87513	1	1	1	0	28	2196	0	1	0
87613	1	1	1	0	28	2196	0	1	0
87713	1	1	1	0	28	2196	0	1	0
87813	1	1	1	0	28	2196	0	1	0
87913	1	1	1	0	28	2196	0	1	0
88013	1	1	1	0	28	2196	0	1	0
88113	1	1	1	0	28	2196	0	1	0
88213	1	1	1	0	28	2196	0	1	0
88313	1	1	1	0	28	2196	0	1	0
88413	1	1	1	0	28	2196	0	1	0
88513	1	1	1	0	28	2196	0	1	0
88613	1	1	1	0	28	2196	0	1	0
88713	1	1	1	0	28	2196	0	1	0
88813	1	1	1	0	28	2196	0	1	0
88913	1	1	1	0	28	2196	0	1	0
89013	1	1	1	0	28	2196	0	1	0
89113	1	1	1	0	28	2196	0	1	0
89213	1	1	1	0	28	2196	0	1	0
89313	1	1	1	0	28	2196	0	1	0
89413	1	1	1	0	28	2196	0	1	0
89513	1	1	1	0	28	2196	0	1	0
89613	1	1	1	0	28	2196	0	1	0
89713	1	1	1	0	28	2196	0	1	0
89813	1	1	1	0	28	2196	0	1	0
89913	1	1	1	0	28	2196	0	1	0
90013	1	1	1	0	28	2196	0	1	0
90113	1	1	1	0	28	2196	0	1	0
90213	1	1	1	0	28	2196	0	1	0
90313	1	1	1	0	28	2196	0	1	0
90413	1	1	1	0	28	2196	0	1	0
90513	1	1	1	0	28	2196	0	1	0
90613	1	1	1	0	28	2196	0	1	0
90713	1	1	1	0	28	2196	0	1	0
90813	1	1	1	0	28	2196	0	1	0
90913	1	1	1	0	28	2196	0	1	0
91013	1	1	1	0	28	2196	0	1	0
91113	1	1	1	0	28	2196	0	1	0
91213	1	1	1	0	28	2196	0	1	0
91313	1	1	1	0	28	2196	0	1	0
91413	1	1	1	0	28	2196	0	1	0
91513	1	1	1	0	28	2196	0	1	0
91613	1	1	1	0	28	2196	0	1	0
91713	1	1	1	0	28	2196	0	1	0
91813	1	1	1	0	28	2196	0	1	0
91913	1	1	1	0	28	2196	0	1	0
92013	1	1	1	0	28	2196	0	1	0
92113	1	1	1	0	28	2196	0	1	0
92213	1	1	1	0	28	2196	0	1	0
92313	1	1	1	0	28	2196	0	1	0
92413	1	1	1	0	28	2196	0	1	0
92513	1	1	1	0	28	2196	0	1	0
92613	1	1	1	0	28	2196	0	1	0
92713	1	1	1	0	28	2196	0	1	0
92813	1	1	1	0	28	2196	0	1	0
92913	1	1	1	0	28	2196	0	1	0
93013	1	1	1	0	28	2196	0	1	0
93113	1	1	1	0	28	2196	0	1	0
93213	1	1	1	0	28	2196	0	1	0
93313	1	1	1	0	28	2196	0	1	0
93413	1	1	1	0	28	2196	0	1	0
93513	1	1	1	0	28	2196	0	1	0
93613	1	1	1	0	28	2196	0	1	0
93713	1	1	1	0	28	2196	0	1	0
93813	1	1	1	0	28	2196	0	1	0
93913	1	1	1	0	28	2196	0	1	0
94013	1	1	1	0	28	2196	0	1	0
94113	1	1	1	0	28	2196	0	1	0
94213	1	1	1	0	28	2196	0	1	0
94313	1	1	1	0	28	2196	0	1	0
94413	1	1	1	0	28	2196	0	1	0
94513	1	1	1	0	28	2196	0	1	0
94613	1	1	1	0	28	2196	0	1	0
94713	1	1	1	0	28	2196	0	1	0
94813	1	1	1	0	28	2196	0	1	0
94913	1	1	1	0	28	2196	0	1	0
95013	1	1	1	0	28	2196	0	1	0
95113	1	1	1	0	28	2196	0	1	0
95213	1	1	1	0	28	2196	0	1	0
95313	1	1	1	0	28	2196	0	1	0
95413	1	1	1	0	28	2196	0	1	0
95513	1	1	1	0	28	2196	0	1	0
95613	1	1	1	0	28	2196	0	1	0
95713	1	1	1	0	28	2196	0	1	0
95813	1	1	1	0	28	2196	0	1	0
95913	1	1	1	0	28	2196	0	1	0
96013	1	1	1	0	28	2196	0	1	0
96113	1	1	1	0	28	2196	0	1	0
96213	1	1	1	0	28	2196	0	1	0
96313	1	1	1	0	28	2196	0	1	0
96413	1	1	1	0	28	2196	0	1	0
96513	1	1	1	0	28	2196	0	1	0
96613	1	1	1	0	28	2196	0	1	0
96713	1	1	1	0	28	2196	0	1	0
96813	1	1	1	0	28	2196	0	1	0
96913	1	1	1	0	28	2196	0	1	0
97013	1	1	1	0	28	2196	0	1	0
97113	1	1	1	0	28	2196	0	1	0
97213	1	1	1	0	28	2196	0	1	0
97313	1	1	1	0	28	2196	0	1	0
97413	1	1	1	0	28	2196	0	1	0
97513	1	1	1	0	28	2196	0	1	0
97613	1	1	1	0	28	2196	0	1	0
97713	1	1	1	0	28	2196	0	1	0
97813	1	1	1	0	28	2196	0	1	0
97913	1	1	1	0	28	2196	0	1	0
98013	1	1	1	0	28	2196	0	1	0
98113	1	1	1	0	28	2196	0	1	0
98213	1	1	1	0	28	2196	0	1	0
98313	1	1	1	0	28	2196	0	1	0
98413	1	1	1	0	28	2196	0	1	0
98513	1	1	1	0	28	2196	0	1	0
98613	1	1	1	0	28	2196	0	1	0
98713	1	1	1	0	28	2196	0	1	0
98813	1	1	1	0	28	2196	0	1	0
98913	1	1	1	0	28	2196	0	1	0
99013	1	1	1	0	28	2196	0	1	0
99113	1	1	1	0	28	2196	0	1	0
99213	1	1	1	0	28	2196	0	1	0
99313	1	1	1	0	28	2196	0	1	0
99413	1	1	1	0	28	2196	0	1	0
99513	1	1	1	0	28	2196	0	1	0
99613	1	1	1	0	28	2196	0	1	0
99713	1	1	1	0	28	2196	0	1	0
99813	1	1	1	0	28	2196	0	1	0
99913	1	1	1	0	28	2196	0	1	0
