% time	cellId	IMSI	RNTI	sinrLinear	componentCarrierId
0.041	1	1	1	5324.57	0
0.081	1	1	1	5324.57	0
0.121	1	1	1	5324.57	0
0.161	1	1	1	5324.57	0
0.201	1	1	1	5324.57	0
0.241	1	1	1	5324.57	0
0.281	1	1	1	5324.57	0
0.321	1	1	1	5324.57	0
0.361	1	1	1	5324.57	0
0.401	1	1	1	5324.57	0
0.441	1	1	1	5324.57	0
0.481	1	1	1	5324.57	0
0.521	1	1	1	5324.57	0
0.561	1	1	1	5324.57	0
0.601	1	1	1	5324.57	0
0.641	1	1	1	5324.57	0
0.681	1	1	1	5324.57	0
0.721	1	1	1	5324.57	0
0.761	1	1	1	5324.57	0
0.801	1	1	1	5324.57	0
0.841	1	1	1	5324.57	0
0.881	1	1	1	5324.57	0
0.921	1	1	1	5324.57	0
0.961	1	1	1	5324.57	0
1.001	1	1	1	5324.57	0
1.041	1	1	1	5324.57	0
1.081	1	1	1	5324.57	0
1.121	1	1	1	5324.57	0
1.161	1	1	1	5324.57	0
1.201	1	1	1	5324.57	0
1.241	1	1	1	5324.57	0
1.281	1	1	1	5324.57	0
1.321	1	1	1	5324.57	0
1.361	1	1	1	5324.57	0
1.401	1	1	1	5324.57	0
1.441	1	1	1	5324.57	0
1.481	1	1	1	5324.57	0
1.521	1	1	1	5324.57	0
1.561	1	1	1	5324.57	0
1.601	1	1	1	5324.57	0
1.641	1	1	1	5324.57	0
1.681	1	1	1	5324.57	0
1.721	1	1	1	5324.57	0
1.761	1	1	1	5324.57	0
1.801	1	1	1	5324.57	0
1.841	1	1	1	5324.57	0
1.881	1	1	1	5324.57	0
1.921	1	1	1	5324.57	0
1.961	1	1	1	5324.57	0
2.001	1	1	1	5324.57	0
2.041	1	1	1	5324.57	0
2.081	1	1	1	5324.57	0
2.121	1	1	1	5324.57	0
2.161	1	1	1	5324.57	0
2.201	1	1	1	5324.57	0
2.241	1	1	1	5324.57	0
2.281	1	1	1	5324.57	0
2.321	1	1	1	5324.57	0
2.361	1	1	1	5324.57	0
2.401	1	1	1	5324.57	0
2.441	1	1	1	5324.57	0
2.481	1	1	1	5324.57	0
2.521	1	1	1	5324.57	0
2.561	1	1	1	5324.57	0
2.601	1	1	1	5324.57	0
2.641	1	1	1	5324.57	0
2.681	1	1	1	5324.57	0
2.721	1	1	1	5324.57	0
2.761	1	1	1	5324.57	0
2.801	1	1	1	5324.57	0
2.841	1	1	1	5324.57	0
2.881	1	1	1	5324.57	0
2.921	1	1	1	5324.57	0
2.961	1	1	1	5324.57	0
3.001	1	1	1	5324.57	0
3.041	1	1	1	5324.57	0
3.081	1	1	1	5324.57	0
3.121	1	1	1	5324.57	0
3.161	1	1	1	5324.57	0
3.201	1	1	1	5324.57	0
3.241	1	1	1	5324.57	0
3.281	1	1	1	5324.57	0
3.321	1	1	1	5324.57	0
3.361	1	1	1	5324.57	0
3.401	1	1	1	5324.57	0
3.441	1	1	1	5324.57	0
3.481	1	1	1	5324.57	0
3.521	1	1	1	5324.57	0
3.561	1	1	1	5324.57	0
3.601	1	1	1	5324.57	0
3.641	1	1	1	5324.57	0
3.681	1	1	1	5324.57	0
3.721	1	1	1	5324.57	0
3.761	1	1	1	5324.57	0
3.801	1	1	1	5324.57	0
3.841	1	1	1	5324.57	0
3.881	1	1	1	5324.57	0
3.921	1	1	1	5324.57	0
3.961	1	1	1	5324.57	0
4.001	1	1	1	5324.57	0
4.041	1	1	1	5324.57	0
4.081	1	1	1	5324.57	0
4.121	1	1	1	5324.57	0
4.161	1	1	1	5324.57	0
4.201	1	1	1	5324.57	0
4.241	1	1	1	5324.57	0
4.281	1	1	1	5324.57	0
4.321	1	1	1	5324.57	0
4.361	1	1	1	5324.57	0
4.401	1	1	1	5324.57	0
4.441	1	1	1	5324.57	0
4.481	1	1	1	5324.57	0
4.521	1	1	1	5324.57	0
4.561	1	1	1	5324.57	0
4.601	1	1	1	5324.57	0
4.641	1	1	1	5324.57	0
4.681	1	1	1	5324.57	0
4.721	1	1	1	5324.57	0
4.761	1	1	1	5324.57	0
4.801	1	1	1	5324.57	0
4.841	1	1	1	5324.57	0
4.881	1	1	1	5324.57	0
4.921	1	1	1	5324.57	0
4.961	1	1	1	5324.57	0
5.001	1	1	1	5324.57	0
5.041	1	1	1	5324.57	0
5.081	1	1	1	5324.57	0
5.121	1	1	1	5324.57	0
5.161	1	1	1	5324.57	0
5.201	1	1	1	5324.57	0
5.241	1	1	1	5324.57	0
5.281	1	1	1	5324.57	0
5.321	1	1	1	5324.57	0
5.361	1	1	1	5324.57	0
5.401	1	1	1	5324.57	0
5.441	1	1	1	5324.57	0
5.481	1	1	1	5324.57	0
5.521	1	1	1	5324.57	0
5.561	1	1	1	5324.57	0
5.601	1	1	1	5324.57	0
5.641	1	1	1	5324.57	0
5.681	1	1	1	5324.57	0
5.721	1	1	1	5324.57	0
5.761	1	1	1	5324.57	0
5.801	1	1	1	5324.57	0
5.841	1	1	1	5324.57	0
5.881	1	1	1	5324.57	0
5.921	1	1	1	5324.57	0
5.961	1	1	1	5324.57	0
6.001	1	1	1	5324.57	0
6.041	1	1	1	5324.57	0
6.081	1	1	1	5324.57	0
6.121	1	1	1	5324.57	0
6.161	1	1	1	5324.57	0
6.201	1	1	1	5324.57	0
6.241	1	1	1	5324.57	0
6.281	1	1	1	5324.57	0
6.321	1	1	1	5324.57	0
6.361	1	1	1	5324.57	0
6.401	1	1	1	5324.57	0
6.441	1	1	1	5324.57	0
6.481	1	1	1	5324.57	0
6.521	1	1	1	5324.57	0
6.561	1	1	1	5324.57	0
6.601	1	1	1	5324.57	0
6.641	1	1	1	5324.57	0
6.681	1	1	1	5324.57	0
6.721	1	1	1	5324.57	0
6.761	1	1	1	5324.57	0
6.801	1	1	1	5324.57	0
6.841	1	1	1	5324.57	0
6.881	1	1	1	5324.57	0
6.921	1	1	1	5324.57	0
6.961	1	1	1	5324.57	0
7.001	1	1	1	5324.57	0
7.041	1	1	1	5324.57	0
7.081	1	1	1	5324.57	0
7.121	1	1	1	5324.57	0
7.161	1	1	1	5324.57	0
7.201	1	1	1	5324.57	0
7.241	1	1	1	5324.57	0
7.281	1	1	1	5324.57	0
7.321	1	1	1	5324.57	0
7.361	1	1	1	5324.57	0
7.401	1	1	1	5324.57	0
7.441	1	1	1	5324.57	0
7.481	1	1	1	5324.57	0
7.521	1	1	1	5324.57	0
7.561	1	1	1	5324.57	0
7.601	1	1	1	5324.57	0
7.641	1	1	1	5324.57	0
7.681	1	1	1	5324.57	0
7.721	1	1	1	5324.57	0
7.761	1	1	1	5324.57	0
7.801	1	1	1	5324.57	0
7.841	1	1	1	5324.57	0
7.881	1	1	1	5324.57	0
7.921	1	1	1	5324.57	0
7.961	1	1	1	5324.57	0
8.001	1	1	1	5324.57	0
8.041	1	1	1	5324.57	0
8.081	1	1	1	5324.57	0
8.121	1	1	1	5324.57	0
8.161	1	1	1	5324.57	0
8.201	1	1	1	5324.57	0
8.241	1	1	1	5324.57	0
8.281	1	1	1	5324.57	0
8.321	1	1	1	5324.57	0
8.361	1	1	1	5324.57	0
8.401	1	1	1	5324.57	0
8.441	1	1	1	5324.57	0
8.481	1	1	1	5324.57	0
8.521	1	1	1	5324.57	0
8.561	1	1	1	5324.57	0
8.601	1	1	1	5324.57	0
8.641	1	1	1	5324.57	0
8.681	1	1	1	5324.57	0
8.721	1	1	1	5324.57	0
8.761	1	1	1	5324.57	0
8.801	1	1	1	5324.57	0
8.841	1	1	1	5324.57	0
8.881	1	1	1	5324.57	0
8.921	1	1	1	5324.57	0
8.961	1	1	1	5324.57	0
9.001	1	1	1	5324.57	0
9.041	1	1	1	5324.57	0
9.081	1	1	1	5324.57	0
9.121	1	1	1	5324.57	0
9.161	1	1	1	5324.57	0
9.201	1	1	1	5324.57	0
9.241	1	1	1	5324.57	0
9.281	1	1	1	5324.57	0
9.321	1	1	1	5324.57	0
9.361	1	1	1	5324.57	0
9.401	1	1	1	5324.57	0
9.441	1	1	1	5324.57	0
9.481	1	1	1	5324.57	0
9.521	1	1	1	5324.57	0
9.561	1	1	1	5324.57	0
9.601	1	1	1	5324.57	0
9.641	1	1	1	5324.57	0
9.681	1	1	1	5324.57	0
9.721	1	1	1	5324.57	0
9.761	1	1	1	5324.57	0
9.801	1	1	1	5324.57	0
9.841	1	1	1	5324.57	0
9.881	1	1	1	5324.57	0
9.921	1	1	1	5324.57	0
9.961	1	1	1	5324.57	0
10.001	1	1	1	5324.57	0
10.041	1	1	1	5324.57	0
10.081	1	1	1	5324.57	0
10.121	1	1	1	5324.57	0
10.161	1	1	1	5324.57	0
10.201	1	1	1	5324.57	0
10.241	1	1	1	5324.57	0
10.281	1	1	1	5324.57	0
10.321	1	1	1	5324.57	0
10.361	1	1	1	5324.57	0
10.401	1	1	1	5324.57	0
10.441	1	1	1	5324.57	0
10.481	1	1	1	5324.57	0
10.521	1	1	1	5324.57	0
10.561	1	1	1	5324.57	0
10.601	1	1	1	5324.57	0
10.641	1	1	1	5324.57	0
10.681	1	1	1	5324.57	0
10.721	1	1	1	5324.57	0
10.761	1	1	1	5324.57	0
10.801	1	1	1	5324.57	0
10.841	1	1	1	5324.57	0
10.881	1	1	1	5324.57	0
10.921	1	1	1	5324.57	0
10.961	1	1	1	5324.57	0
11.001	1	1	1	5324.57	0
11.041	1	1	1	5324.57	0
11.081	1	1	1	5324.57	0
11.121	1	1	1	5324.57	0
11.161	1	1	1	5324.57	0
11.201	1	1	1	5324.57	0
11.241	1	1	1	5324.57	0
11.281	1	1	1	5324.57	0
11.321	1	1	1	5324.57	0
11.361	1	1	1	5324.57	0
11.401	1	1	1	5324.57	0
11.441	1	1	1	5324.57	0
11.481	1	1	1	5324.57	0
11.521	1	1	1	5324.57	0
11.561	1	1	1	5324.57	0
11.601	1	1	1	5324.57	0
11.641	1	1	1	5324.57	0
11.681	1	1	1	5324.57	0
11.721	1	1	1	5324.57	0
11.761	1	1	1	5324.57	0
11.801	1	1	1	5324.57	0
11.841	1	1	1	5324.57	0
11.881	1	1	1	5324.57	0
11.921	1	1	1	5324.57	0
11.961	1	1	1	5324.57	0
12.001	1	1	1	5324.57	0
12.041	1	1	1	5324.57	0
12.081	1	1	1	5324.57	0
12.121	1	1	1	5324.57	0
12.161	1	1	1	5324.57	0
12.201	1	1	1	5324.57	0
12.241	1	1	1	5324.57	0
12.281	1	1	1	5324.57	0
12.321	1	1	1	5324.57	0
12.361	1	1	1	5324.57	0
12.401	1	1	1	5324.57	0
12.441	1	1	1	5324.57	0
12.481	1	1	1	5324.57	0
12.521	1	1	1	5324.57	0
12.561	1	1	1	5324.57	0
12.601	1	1	1	5324.57	0
12.641	1	1	1	5324.57	0
12.681	1	1	1	5324.57	0
12.721	1	1	1	5324.57	0
12.761	1	1	1	5324.57	0
12.801	1	1	1	5324.57	0
12.841	1	1	1	5324.57	0
12.881	1	1	1	5324.57	0
12.921	1	1	1	5324.57	0
12.961	1	1	1	5324.57	0
13.001	1	1	1	5324.57	0
13.041	1	1	1	5324.57	0
13.081	1	1	1	5324.57	0
13.121	1	1	1	5324.57	0
13.161	1	1	1	5324.57	0
13.201	1	1	1	5324.57	0
13.241	1	1	1	5324.57	0
13.281	1	1	1	5324.57	0
13.321	1	1	1	5324.57	0
13.361	1	1	1	5324.57	0
13.401	1	1	1	5324.57	0
13.441	1	1	1	5324.57	0
13.481	1	1	1	5324.57	0
13.521	1	1	1	5324.57	0
13.561	1	1	1	5324.57	0
13.601	1	1	1	5324.57	0
13.641	1	1	1	5324.57	0
13.681	1	1	1	5324.57	0
13.721	1	1	1	5324.57	0
13.761	1	1	1	5324.57	0
13.801	1	1	1	5324.57	0
13.841	1	1	1	5324.57	0
13.881	1	1	1	5324.57	0
13.921	1	1	1	5324.57	0
13.961	1	1	1	5324.57	0
14.001	1	1	1	5324.57	0
14.041	1	1	1	5324.57	0
14.081	1	1	1	5324.57	0
14.121	1	1	1	5324.57	0
14.161	1	1	1	5324.57	0
14.201	1	1	1	5324.57	0
14.241	1	1	1	5324.57	0
14.281	1	1	1	5324.57	0
14.321	1	1	1	5324.57	0
14.361	1	1	1	5324.57	0
14.401	1	1	1	5324.57	0
14.441	1	1	1	5324.57	0
14.481	1	1	1	5324.57	0
14.521	1	1	1	5324.57	0
14.561	1	1	1	5324.57	0
14.601	1	1	1	5324.57	0
14.641	1	1	1	5324.57	0
14.681	1	1	1	5324.57	0
14.721	1	1	1	5324.57	0
14.761	1	1	1	5324.57	0
14.801	1	1	1	5324.57	0
14.841	1	1	1	5324.57	0
14.881	1	1	1	5324.57	0
14.921	1	1	1	5324.57	0
14.961	1	1	1	5324.57	0
15.001	1	1	1	5324.57	0
15.041	1	1	1	5324.57	0
15.081	1	1	1	5324.57	0
15.121	1	1	1	5324.57	0
15.161	1	1	1	5324.57	0
15.201	1	1	1	5324.57	0
15.241	1	1	1	5324.57	0
15.281	1	1	1	5324.57	0
15.321	1	1	1	5324.57	0
15.361	1	1	1	5324.57	0
15.401	1	1	1	5324.57	0
15.441	1	1	1	5324.57	0
15.481	1	1	1	5324.57	0
15.521	1	1	1	5324.57	0
15.561	1	1	1	5324.57	0
15.601	1	1	1	5324.57	0
15.641	1	1	1	5324.57	0
15.681	1	1	1	5324.57	0
15.721	1	1	1	5324.57	0
15.761	1	1	1	5324.57	0
15.801	1	1	1	5324.57	0
15.841	1	1	1	5324.57	0
15.881	1	1	1	5324.57	0
15.921	1	1	1	5324.57	0
15.961	1	1	1	5324.57	0
16.001	1	1	1	5324.57	0
16.041	1	1	1	5324.57	0
16.081	1	1	1	5324.57	0
16.121	1	1	1	5324.57	0
16.161	1	1	1	5324.57	0
16.201	1	1	1	5324.57	0
16.241	1	1	1	5324.57	0
16.281	1	1	1	5324.57	0
16.321	1	1	1	5324.57	0
16.361	1	1	1	5324.57	0
16.401	1	1	1	5324.57	0
16.441	1	1	1	5324.57	0
16.481	1	1	1	5324.57	0
16.521	1	1	1	5324.57	0
16.561	1	1	1	5324.57	0
16.601	1	1	1	5324.57	0
16.641	1	1	1	5324.57	0
16.681	1	1	1	5324.57	0
16.721	1	1	1	5324.57	0
16.761	1	1	1	5324.57	0
16.801	1	1	1	5324.57	0
16.841	1	1	1	5324.57	0
16.881	1	1	1	5324.57	0
16.921	1	1	1	5324.57	0
16.961	1	1	1	5324.57	0
17.001	1	1	1	5324.57	0
17.041	1	1	1	5324.57	0
17.081	1	1	1	5324.57	0
17.121	1	1	1	5324.57	0
17.161	1	1	1	5324.57	0
17.201	1	1	1	5324.57	0
17.241	1	1	1	5324.57	0
17.281	1	1	1	5324.57	0
17.321	1	1	1	5324.57	0
17.361	1	1	1	5324.57	0
17.401	1	1	1	5324.57	0
17.441	1	1	1	5324.57	0
17.481	1	1	1	5324.57	0
17.521	1	1	1	5324.57	0
17.561	1	1	1	5324.57	0
17.601	1	1	1	5324.57	0
17.641	1	1	1	5324.57	0
17.681	1	1	1	5324.57	0
17.721	1	1	1	5324.57	0
17.761	1	1	1	5324.57	0
17.801	1	1	1	5324.57	0
17.841	1	1	1	5324.57	0
17.881	1	1	1	5324.57	0
17.921	1	1	1	5324.57	0
17.961	1	1	1	5324.57	0
18.001	1	1	1	5324.57	0
18.041	1	1	1	5324.57	0
18.081	1	1	1	5324.57	0
18.121	1	1	1	5324.57	0
18.161	1	1	1	5324.57	0
18.201	1	1	1	5324.57	0
18.241	1	1	1	5324.57	0
18.281	1	1	1	5324.57	0
18.321	1	1	1	5324.57	0
18.361	1	1	1	5324.57	0
18.401	1	1	1	5324.57	0
18.441	1	1	1	5324.57	0
18.481	1	1	1	5324.57	0
18.521	1	1	1	5324.57	0
18.561	1	1	1	5324.57	0
18.601	1	1	1	5324.57	0
18.641	1	1	1	5324.57	0
18.681	1	1	1	5324.57	0
18.721	1	1	1	5324.57	0
18.761	1	1	1	5324.57	0
18.801	1	1	1	5324.57	0
18.841	1	1	1	5324.57	0
18.881	1	1	1	5324.57	0
18.921	1	1	1	5324.57	0
18.961	1	1	1	5324.57	0
19.001	1	1	1	5324.57	0
19.041	1	1	1	5324.57	0
19.081	1	1	1	5324.57	0
19.121	1	1	1	5324.57	0
19.161	1	1	1	5324.57	0
19.201	1	1	1	5324.57	0
19.241	1	1	1	5324.57	0
19.281	1	1	1	5324.57	0
19.321	1	1	1	5324.57	0
19.361	1	1	1	5324.57	0
19.401	1	1	1	5324.57	0
19.441	1	1	1	5324.57	0
19.481	1	1	1	5324.57	0
19.521	1	1	1	5324.57	0
19.561	1	1	1	5324.57	0
19.601	1	1	1	5324.57	0
19.641	1	1	1	5324.57	0
19.681	1	1	1	5324.57	0
19.721	1	1	1	5324.57	0
19.761	1	1	1	5324.57	0
19.801	1	1	1	5324.57	0
19.841	1	1	1	5324.57	0
19.881	1	1	1	5324.57	0
19.921	1	1	1	5324.57	0
19.961	1	1	1	5324.57	0
20.001	1	1	1	5324.57	0
20.041	1	1	1	5324.57	0
20.081	1	1	1	5324.57	0
20.121	1	1	1	5324.57	0
20.161	1	1	1	5324.57	0
20.201	1	1	1	5324.57	0
20.241	1	1	1	5324.57	0
20.281	1	1	1	5324.57	0
20.321	1	1	1	5324.57	0
20.361	1	1	1	5324.57	0
20.401	1	1	1	5324.57	0
20.441	1	1	1	5324.57	0
20.481	1	1	1	5324.57	0
20.521	1	1	1	5324.57	0
20.561	1	1	1	5324.57	0
20.601	1	1	1	5324.57	0
20.641	1	1	1	5324.57	0
20.681	1	1	1	5324.57	0
20.721	1	1	1	5324.57	0
20.761	1	1	1	5324.57	0
20.801	1	1	1	5324.57	0
20.841	1	1	1	5324.57	0
20.881	1	1	1	5324.57	0
20.921	1	1	1	5324.57	0
20.961	1	1	1	5324.57	0
21.001	1	1	1	5324.57	0
21.041	1	1	1	5324.57	0
21.081	1	1	1	5324.57	0
21.121	1	1	1	5324.57	0
21.161	1	1	1	5324.57	0
21.201	1	1	1	5324.57	0
21.241	1	1	1	5324.57	0
21.281	1	1	1	5324.57	0
21.321	1	1	1	5324.57	0
21.361	1	1	1	5324.57	0
21.401	1	1	1	5324.57	0
21.441	1	1	1	5324.57	0
21.481	1	1	1	5324.57	0
21.521	1	1	1	5324.57	0
21.561	1	1	1	5324.57	0
21.601	1	1	1	5324.57	0
21.641	1	1	1	5324.57	0
21.681	1	1	1	5324.57	0
21.721	1	1	1	5324.57	0
21.761	1	1	1	5324.57	0
21.801	1	1	1	5324.57	0
21.841	1	1	1	5324.57	0
21.881	1	1	1	5324.57	0
21.921	1	1	1	5324.57	0
21.961	1	1	1	5324.57	0
22.001	1	1	1	5324.57	0
22.041	1	1	1	5324.57	0
22.081	1	1	1	5324.57	0
22.121	1	1	1	5324.57	0
22.161	1	1	1	5324.57	0
22.201	1	1	1	5324.57	0
22.241	1	1	1	5324.57	0
22.281	1	1	1	5324.57	0
22.321	1	1	1	5324.57	0
22.361	1	1	1	5324.57	0
22.401	1	1	1	5324.57	0
22.441	1	1	1	5324.57	0
22.481	1	1	1	5324.57	0
22.521	1	1	1	5324.57	0
22.561	1	1	1	5324.57	0
22.601	1	1	1	5324.57	0
22.641	1	1	1	5324.57	0
22.681	1	1	1	5324.57	0
22.721	1	1	1	5324.57	0
22.761	1	1	1	5324.57	0
22.801	1	1	1	5324.57	0
22.841	1	1	1	5324.57	0
22.881	1	1	1	5324.57	0
22.921	1	1	1	5324.57	0
22.961	1	1	1	5324.57	0
23.001	1	1	1	5324.57	0
23.041	1	1	1	5324.57	0
23.081	1	1	1	5324.57	0
23.121	1	1	1	5324.57	0
23.161	1	1	1	5324.57	0
23.201	1	1	1	5324.57	0
23.241	1	1	1	5324.57	0
23.281	1	1	1	5324.57	0
23.321	1	1	1	5324.57	0
23.361	1	1	1	5324.57	0
23.401	1	1	1	5324.57	0
23.441	1	1	1	5324.57	0
23.481	1	1	1	5324.57	0
23.521	1	1	1	5324.57	0
23.561	1	1	1	5324.57	0
23.601	1	1	1	5324.57	0
23.641	1	1	1	5324.57	0
23.681	1	1	1	5324.57	0
23.721	1	1	1	5324.57	0
23.761	1	1	1	5324.57	0
23.801	1	1	1	5324.57	0
23.841	1	1	1	5324.57	0
23.881	1	1	1	5324.57	0
23.921	1	1	1	5324.57	0
23.961	1	1	1	5324.57	0
24.001	1	1	1	5324.57	0
24.041	1	1	1	5324.57	0
24.081	1	1	1	5324.57	0
24.121	1	1	1	5324.57	0
24.161	1	1	1	5324.57	0
24.201	1	1	1	5324.57	0
24.241	1	1	1	5324.57	0
24.281	1	1	1	5324.57	0
24.321	1	1	1	5324.57	0
24.361	1	1	1	5324.57	0
24.401	1	1	1	5324.57	0
24.441	1	1	1	5324.57	0
24.481	1	1	1	5324.57	0
24.521	1	1	1	5324.57	0
24.561	1	1	1	5324.57	0
24.601	1	1	1	5324.57	0
24.641	1	1	1	5324.57	0
24.681	1	1	1	5324.57	0
24.721	1	1	1	5324.57	0
24.761	1	1	1	5324.57	0
24.801	1	1	1	5324.57	0
24.841	1	1	1	5324.57	0
24.881	1	1	1	5324.57	0
24.921	1	1	1	5324.57	0
24.961	1	1	1	5324.57	0
25.001	1	1	1	5324.57	0
25.041	1	1	1	5324.57	0
25.081	1	1	1	5324.57	0
25.121	1	1	1	5324.57	0
25.161	1	1	1	5324.57	0
25.201	1	1	1	5324.57	0
25.241	1	1	1	5324.57	0
25.281	1	1	1	5324.57	0
25.321	1	1	1	5324.57	0
25.361	1	1	1	5324.57	0
25.401	1	1	1	5324.57	0
25.441	1	1	1	5324.57	0
25.481	1	1	1	5324.57	0
25.521	1	1	1	5324.57	0
25.561	1	1	1	5324.57	0
25.601	1	1	1	5324.57	0
25.641	1	1	1	5324.57	0
25.681	1	1	1	5324.57	0
25.721	1	1	1	5324.57	0
25.761	1	1	1	5324.57	0
25.801	1	1	1	5324.57	0
25.841	1	1	1	5324.57	0
25.881	1	1	1	5324.57	0
25.921	1	1	1	5324.57	0
25.961	1	1	1	5324.57	0
26.001	1	1	1	5324.57	0
26.041	1	1	1	5324.57	0
26.081	1	1	1	5324.57	0
26.121	1	1	1	5324.57	0
26.161	1	1	1	5324.57	0
26.201	1	1	1	5324.57	0
26.241	1	1	1	5324.57	0
26.281	1	1	1	5324.57	0
26.321	1	1	1	5324.57	0
26.361	1	1	1	5324.57	0
26.401	1	1	1	5324.57	0
26.441	1	1	1	5324.57	0
26.481	1	1	1	5324.57	0
26.521	1	1	1	5324.57	0
26.561	1	1	1	5324.57	0
26.601	1	1	1	5324.57	0
26.641	1	1	1	5324.57	0
26.681	1	1	1	5324.57	0
26.721	1	1	1	5324.57	0
26.761	1	1	1	5324.57	0
26.801	1	1	1	5324.57	0
26.841	1	1	1	5324.57	0
26.881	1	1	1	5324.57	0
26.921	1	1	1	5324.57	0
26.961	1	1	1	5324.57	0
27.001	1	1	1	5324.57	0
27.041	1	1	1	5324.57	0
27.081	1	1	1	5324.57	0
27.121	1	1	1	5324.57	0
27.161	1	1	1	5324.57	0
27.201	1	1	1	5324.57	0
27.241	1	1	1	5324.57	0
27.281	1	1	1	5324.57	0
27.321	1	1	1	5324.57	0
27.361	1	1	1	5324.57	0
27.401	1	1	1	5324.57	0
27.441	1	1	1	5324.57	0
27.481	1	1	1	5324.57	0
27.521	1	1	1	5324.57	0
27.561	1	1	1	5324.57	0
27.601	1	1	1	5324.57	0
27.641	1	1	1	5324.57	0
27.681	1	1	1	5324.57	0
27.721	1	1	1	5324.57	0
27.761	1	1	1	5324.57	0
27.801	1	1	1	5324.57	0
27.841	1	1	1	5324.57	0
27.881	1	1	1	5324.57	0
27.921	1	1	1	5324.57	0
27.961	1	1	1	5324.57	0
28.001	1	1	1	5324.57	0
28.041	1	1	1	5324.57	0
28.081	1	1	1	5324.57	0
28.121	1	1	1	5324.57	0
28.161	1	1	1	5324.57	0
28.201	1	1	1	5324.57	0
28.241	1	1	1	5324.57	0
28.281	1	1	1	5324.57	0
28.321	1	1	1	5324.57	0
28.361	1	1	1	5324.57	0
28.401	1	1	1	5324.57	0
28.441	1	1	1	5324.57	0
28.481	1	1	1	5324.57	0
28.521	1	1	1	5324.57	0
28.561	1	1	1	5324.57	0
28.601	1	1	1	5324.57	0
28.641	1	1	1	5324.57	0
28.681	1	1	1	5324.57	0
28.721	1	1	1	5324.57	0
28.761	1	1	1	5324.57	0
28.801	1	1	1	5324.57	0
28.841	1	1	1	5324.57	0
28.881	1	1	1	5324.57	0
28.921	1	1	1	5324.57	0
28.961	1	1	1	5324.57	0
29.001	1	1	1	5324.57	0
29.041	1	1	1	5324.57	0
29.081	1	1	1	5324.57	0
29.121	1	1	1	5324.57	0
29.161	1	1	1	5324.57	0
29.201	1	1	1	5324.57	0
29.241	1	1	1	5324.57	0
29.281	1	1	1	5324.57	0
29.321	1	1	1	5324.57	0
29.361	1	1	1	5324.57	0
29.401	1	1	1	5324.57	0
29.441	1	1	1	5324.57	0
29.481	1	1	1	5324.57	0
29.521	1	1	1	5324.57	0
29.561	1	1	1	5324.57	0
29.601	1	1	1	5324.57	0
29.641	1	1	1	5324.57	0
29.681	1	1	1	5324.57	0
29.721	1	1	1	5324.57	0
29.761	1	1	1	5324.57	0
29.801	1	1	1	5324.57	0
29.841	1	1	1	5324.57	0
29.881	1	1	1	5324.57	0
29.921	1	1	1	5324.57	0
29.961	1	1	1	5324.57	0
30.001	1	1	1	5324.57	0
30.041	1	1	1	5324.57	0
30.081	1	1	1	5324.57	0
30.121	1	1	1	5324.57	0
30.161	1	1	1	5324.57	0
30.201	1	1	1	5324.57	0
30.241	1	1	1	5324.57	0
30.281	1	1	1	5324.57	0
30.321	1	1	1	5324.57	0
30.361	1	1	1	5324.57	0
30.401	1	1	1	5324.57	0
30.441	1	1	1	5324.57	0
30.481	1	1	1	5324.57	0
30.521	1	1	1	5324.57	0
30.561	1	1	1	5324.57	0
30.601	1	1	1	5324.57	0
30.641	1	1	1	5324.57	0
30.681	1	1	1	5324.57	0
30.721	1	1	1	5324.57	0
30.761	1	1	1	5324.57	0
30.801	1	1	1	5324.57	0
30.841	1	1	1	5324.57	0
30.881	1	1	1	5324.57	0
30.921	1	1	1	5324.57	0
30.961	1	1	1	5324.57	0
31.001	1	1	1	5324.57	0
31.041	1	1	1	5324.57	0
31.081	1	1	1	5324.57	0
31.121	1	1	1	5324.57	0
31.161	1	1	1	5324.57	0
31.201	1	1	1	5324.57	0
31.241	1	1	1	5324.57	0
31.281	1	1	1	5324.57	0
31.321	1	1	1	5324.57	0
31.361	1	1	1	5324.57	0
31.401	1	1	1	5324.57	0
31.441	1	1	1	5324.57	0
31.481	1	1	1	5324.57	0
31.521	1	1	1	5324.57	0
31.561	1	1	1	5324.57	0
31.601	1	1	1	5324.57	0
31.641	1	1	1	5324.57	0
31.681	1	1	1	5324.57	0
31.721	1	1	1	5324.57	0
31.761	1	1	1	5324.57	0
31.801	1	1	1	5324.57	0
31.841	1	1	1	5324.57	0
31.881	1	1	1	5324.57	0
31.921	1	1	1	5324.57	0
31.961	1	1	1	5324.57	0
32.001	1	1	1	5324.57	0
32.041	1	1	1	5324.57	0
32.081	1	1	1	5324.57	0
32.121	1	1	1	5324.57	0
32.161	1	1	1	5324.57	0
32.201	1	1	1	5324.57	0
32.241	1	1	1	5324.57	0
32.281	1	1	1	5324.57	0
32.321	1	1	1	5324.57	0
32.361	1	1	1	5324.57	0
32.401	1	1	1	5324.57	0
32.441	1	1	1	5324.57	0
32.481	1	1	1	5324.57	0
32.521	1	1	1	5324.57	0
32.561	1	1	1	5324.57	0
32.601	1	1	1	5324.57	0
32.641	1	1	1	5324.57	0
32.681	1	1	1	5324.57	0
32.721	1	1	1	5324.57	0
32.761	1	1	1	5324.57	0
32.801	1	1	1	5324.57	0
32.841	1	1	1	5324.57	0
32.881	1	1	1	5324.57	0
32.921	1	1	1	5324.57	0
32.961	1	1	1	5324.57	0
33.001	1	1	1	5324.57	0
33.041	1	1	1	5324.57	0
33.081	1	1	1	5324.57	0
33.121	1	1	1	5324.57	0
33.161	1	1	1	5324.57	0
33.201	1	1	1	5324.57	0
33.241	1	1	1	5324.57	0
33.281	1	1	1	5324.57	0
33.321	1	1	1	5324.57	0
33.361	1	1	1	5324.57	0
33.401	1	1	1	5324.57	0
33.441	1	1	1	5324.57	0
33.481	1	1	1	5324.57	0
33.521	1	1	1	5324.57	0
33.561	1	1	1	5324.57	0
33.601	1	1	1	5324.57	0
33.641	1	1	1	5324.57	0
33.681	1	1	1	5324.57	0
33.721	1	1	1	5324.57	0
33.761	1	1	1	5324.57	0
33.801	1	1	1	5324.57	0
33.841	1	1	1	5324.57	0
33.881	1	1	1	5324.57	0
33.921	1	1	1	5324.57	0
33.961	1	1	1	5324.57	0
34.001	1	1	1	5324.57	0
34.041	1	1	1	5324.57	0
34.081	1	1	1	5324.57	0
34.121	1	1	1	5324.57	0
34.161	1	1	1	5324.57	0
34.201	1	1	1	5324.57	0
34.241	1	1	1	5324.57	0
34.281	1	1	1	5324.57	0
34.321	1	1	1	5324.57	0
34.361	1	1	1	5324.57	0
34.401	1	1	1	5324.57	0
34.441	1	1	1	5324.57	0
34.481	1	1	1	5324.57	0
34.521	1	1	1	5324.57	0
34.561	1	1	1	5324.57	0
34.601	1	1	1	5324.57	0
34.641	1	1	1	5324.57	0
34.681	1	1	1	5324.57	0
34.721	1	1	1	5324.57	0
34.761	1	1	1	5324.57	0
34.801	1	1	1	5324.57	0
34.841	1	1	1	5324.57	0
34.881	1	1	1	5324.57	0
34.921	1	1	1	5324.57	0
34.961	1	1	1	5324.57	0
35.001	1	1	1	5324.57	0
35.041	1	1	1	5324.57	0
35.081	1	1	1	5324.57	0
35.121	1	1	1	5324.57	0
35.161	1	1	1	5324.57	0
35.201	1	1	1	5324.57	0
35.241	1	1	1	5324.57	0
35.281	1	1	1	5324.57	0
35.321	1	1	1	5324.57	0
35.361	1	1	1	5324.57	0
35.401	1	1	1	5324.57	0
35.441	1	1	1	5324.57	0
35.481	1	1	1	5324.57	0
35.521	1	1	1	5324.57	0
35.561	1	1	1	5324.57	0
35.601	1	1	1	5324.57	0
35.641	1	1	1	5324.57	0
35.681	1	1	1	5324.57	0
35.721	1	1	1	5324.57	0
35.761	1	1	1	5324.57	0
35.801	1	1	1	5324.57	0
35.841	1	1	1	5324.57	0
35.881	1	1	1	5324.57	0
35.921	1	1	1	5324.57	0
35.961	1	1	1	5324.57	0
36.001	1	1	1	5324.57	0
36.041	1	1	1	5324.57	0
36.081	1	1	1	5324.57	0
36.121	1	1	1	5324.57	0
36.161	1	1	1	5324.57	0
36.201	1	1	1	5324.57	0
36.241	1	1	1	5324.57	0
36.281	1	1	1	5324.57	0
36.321	1	1	1	5324.57	0
36.361	1	1	1	5324.57	0
36.401	1	1	1	5324.57	0
36.441	1	1	1	5324.57	0
36.481	1	1	1	5324.57	0
36.521	1	1	1	5324.57	0
36.561	1	1	1	5324.57	0
36.601	1	1	1	5324.57	0
36.641	1	1	1	5324.57	0
36.681	1	1	1	5324.57	0
36.721	1	1	1	5324.57	0
36.761	1	1	1	5324.57	0
36.801	1	1	1	5324.57	0
36.841	1	1	1	5324.57	0
36.881	1	1	1	5324.57	0
36.921	1	1	1	5324.57	0
36.961	1	1	1	5324.57	0
37.001	1	1	1	5324.57	0
37.041	1	1	1	5324.57	0
37.081	1	1	1	5324.57	0
37.121	1	1	1	5324.57	0
37.161	1	1	1	5324.57	0
37.201	1	1	1	5324.57	0
37.241	1	1	1	5324.57	0
37.281	1	1	1	5324.57	0
37.321	1	1	1	5324.57	0
37.361	1	1	1	5324.57	0
37.401	1	1	1	5324.57	0
37.441	1	1	1	5324.57	0
37.481	1	1	1	5324.57	0
37.521	1	1	1	5324.57	0
37.561	1	1	1	5324.57	0
37.601	1	1	1	5324.57	0
37.641	1	1	1	5324.57	0
37.681	1	1	1	5324.57	0
37.721	1	1	1	5324.57	0
37.761	1	1	1	5324.57	0
37.801	1	1	1	5324.57	0
37.841	1	1	1	5324.57	0
37.881	1	1	1	5324.57	0
37.921	1	1	1	5324.57	0
37.961	1	1	1	5324.57	0
38.001	1	1	1	5324.57	0
38.041	1	1	1	5324.57	0
38.081	1	1	1	5324.57	0
38.121	1	1	1	5324.57	0
38.161	1	1	1	5324.57	0
38.201	1	1	1	5324.57	0
38.241	1	1	1	5324.57	0
38.281	1	1	1	5324.57	0
38.321	1	1	1	5324.57	0
38.361	1	1	1	5324.57	0
38.401	1	1	1	5324.57	0
38.441	1	1	1	5324.57	0
38.481	1	1	1	5324.57	0
38.521	1	1	1	5324.57	0
38.561	1	1	1	5324.57	0
38.601	1	1	1	5324.57	0
38.641	1	1	1	5324.57	0
38.681	1	1	1	5324.57	0
38.721	1	1	1	5324.57	0
38.761	1	1	1	5324.57	0
38.801	1	1	1	5324.57	0
38.841	1	1	1	5324.57	0
38.881	1	1	1	5324.57	0
38.921	1	1	1	5324.57	0
38.961	1	1	1	5324.57	0
39.001	1	1	1	5324.57	0
39.041	1	1	1	5324.57	0
39.081	1	1	1	5324.57	0
39.121	1	1	1	5324.57	0
39.161	1	1	1	5324.57	0
39.201	1	1	1	5324.57	0
39.241	1	1	1	5324.57	0
39.281	1	1	1	5324.57	0
39.321	1	1	1	5324.57	0
39.361	1	1	1	5324.57	0
39.401	1	1	1	5324.57	0
39.441	1	1	1	5324.57	0
39.481	1	1	1	5324.57	0
39.521	1	1	1	5324.57	0
39.561	1	1	1	5324.57	0
39.601	1	1	1	5324.57	0
39.641	1	1	1	5324.57	0
39.681	1	1	1	5324.57	0
39.721	1	1	1	5324.57	0
39.761	1	1	1	5324.57	0
39.801	1	1	1	5324.57	0
39.841	1	1	1	5324.57	0
39.881	1	1	1	5324.57	0
39.921	1	1	1	5324.57	0
39.961	1	1	1	5324.57	0
40.001	1	1	1	5324.57	0
40.041	1	1	1	5324.57	0
40.081	1	1	1	5324.57	0
40.121	1	1	1	5324.57	0
40.161	1	1	1	5324.57	0
40.201	1	1	1	5324.57	0
40.241	1	1	1	5324.57	0
40.281	1	1	1	5324.57	0
40.321	1	1	1	5324.57	0
40.361	1	1	1	5324.57	0
40.401	1	1	1	5324.57	0
40.441	1	1	1	5324.57	0
40.481	1	1	1	5324.57	0
40.521	1	1	1	5324.57	0
40.561	1	1	1	5324.57	0
40.601	1	1	1	5324.57	0
40.641	1	1	1	5324.57	0
40.681	1	1	1	5324.57	0
40.721	1	1	1	5324.57	0
40.761	1	1	1	5324.57	0
40.801	1	1	1	5324.57	0
40.841	1	1	1	5324.57	0
40.881	1	1	1	5324.57	0
40.921	1	1	1	5324.57	0
40.961	1	1	1	5324.57	0
41.001	1	1	1	5324.57	0
41.041	1	1	1	5324.57	0
41.081	1	1	1	5324.57	0
41.121	1	1	1	5324.57	0
41.161	1	1	1	5324.57	0
41.201	1	1	1	5324.57	0
41.241	1	1	1	5324.57	0
41.281	1	1	1	5324.57	0
41.321	1	1	1	5324.57	0
41.361	1	1	1	5324.57	0
41.401	1	1	1	5324.57	0
41.441	1	1	1	5324.57	0
41.481	1	1	1	5324.57	0
41.521	1	1	1	5324.57	0
41.561	1	1	1	5324.57	0
41.601	1	1	1	5324.57	0
41.641	1	1	1	5324.57	0
41.681	1	1	1	5324.57	0
41.721	1	1	1	5324.57	0
41.761	1	1	1	5324.57	0
41.801	1	1	1	5324.57	0
41.841	1	1	1	5324.57	0
41.881	1	1	1	5324.57	0
41.921	1	1	1	5324.57	0
41.961	1	1	1	5324.57	0
42.001	1	1	1	5324.57	0
42.041	1	1	1	5324.57	0
42.081	1	1	1	5324.57	0
42.121	1	1	1	5324.57	0
42.161	1	1	1	5324.57	0
42.201	1	1	1	5324.57	0
42.241	1	1	1	5324.57	0
42.281	1	1	1	5324.57	0
42.321	1	1	1	5324.57	0
42.361	1	1	1	5324.57	0
42.401	1	1	1	5324.57	0
42.441	1	1	1	5324.57	0
42.481	1	1	1	5324.57	0
42.521	1	1	1	5324.57	0
42.561	1	1	1	5324.57	0
42.601	1	1	1	5324.57	0
42.641	1	1	1	5324.57	0
42.681	1	1	1	5324.57	0
42.721	1	1	1	5324.57	0
42.761	1	1	1	5324.57	0
42.801	1	1	1	5324.57	0
42.841	1	1	1	5324.57	0
42.881	1	1	1	5324.57	0
42.921	1	1	1	5324.57	0
42.961	1	1	1	5324.57	0
43.001	1	1	1	5324.57	0
43.041	1	1	1	5324.57	0
43.081	1	1	1	5324.57	0
43.121	1	1	1	5324.57	0
43.161	1	1	1	5324.57	0
43.201	1	1	1	5324.57	0
43.241	1	1	1	5324.57	0
43.281	1	1	1	5324.57	0
43.321	1	1	1	5324.57	0
43.361	1	1	1	5324.57	0
43.401	1	1	1	5324.57	0
43.441	1	1	1	5324.57	0
43.481	1	1	1	5324.57	0
43.521	1	1	1	5324.57	0
43.561	1	1	1	5324.57	0
43.601	1	1	1	5324.57	0
43.641	1	1	1	5324.57	0
43.681	1	1	1	5324.57	0
43.721	1	1	1	5324.57	0
43.761	1	1	1	5324.57	0
43.801	1	1	1	5324.57	0
43.841	1	1	1	5324.57	0
43.881	1	1	1	5324.57	0
43.921	1	1	1	5324.57	0
43.961	1	1	1	5324.57	0
44.001	1	1	1	5324.57	0
44.041	1	1	1	5324.57	0
44.081	1	1	1	5324.57	0
44.121	1	1	1	5324.57	0
44.161	1	1	1	5324.57	0
44.201	1	1	1	5324.57	0
44.241	1	1	1	5324.57	0
44.281	1	1	1	5324.57	0
44.321	1	1	1	5324.57	0
44.361	1	1	1	5324.57	0
44.401	1	1	1	5324.57	0
44.441	1	1	1	5324.57	0
44.481	1	1	1	5324.57	0
44.521	1	1	1	5324.57	0
44.561	1	1	1	5324.57	0
44.601	1	1	1	5324.57	0
44.641	1	1	1	5324.57	0
44.681	1	1	1	5324.57	0
44.721	1	1	1	5324.57	0
44.761	1	1	1	5324.57	0
44.801	1	1	1	5324.57	0
44.841	1	1	1	5324.57	0
44.881	1	1	1	5324.57	0
44.921	1	1	1	5324.57	0
44.961	1	1	1	5324.57	0
45.001	1	1	1	5324.57	0
45.041	1	1	1	5324.57	0
45.081	1	1	1	5324.57	0
45.121	1	1	1	5324.57	0
45.161	1	1	1	5324.57	0
45.201	1	1	1	5324.57	0
45.241	1	1	1	5324.57	0
45.281	1	1	1	5324.57	0
45.321	1	1	1	5324.57	0
45.361	1	1	1	5324.57	0
45.401	1	1	1	5324.57	0
45.441	1	1	1	5324.57	0
45.481	1	1	1	5324.57	0
45.521	1	1	1	5324.57	0
45.561	1	1	1	5324.57	0
45.601	1	1	1	5324.57	0
45.641	1	1	1	5324.57	0
45.681	1	1	1	5324.57	0
45.721	1	1	1	5324.57	0
45.761	1	1	1	5324.57	0
45.801	1	1	1	5324.57	0
45.841	1	1	1	5324.57	0
45.881	1	1	1	5324.57	0
45.921	1	1	1	5324.57	0
45.961	1	1	1	5324.57	0
46.001	1	1	1	5324.57	0
46.041	1	1	1	5324.57	0
46.081	1	1	1	5324.57	0
46.121	1	1	1	5324.57	0
46.161	1	1	1	5324.57	0
46.201	1	1	1	5324.57	0
46.241	1	1	1	5324.57	0
46.281	1	1	1	5324.57	0
46.321	1	1	1	5324.57	0
46.361	1	1	1	5324.57	0
46.401	1	1	1	5324.57	0
46.441	1	1	1	5324.57	0
46.481	1	1	1	5324.57	0
46.521	1	1	1	5324.57	0
46.561	1	1	1	5324.57	0
46.601	1	1	1	5324.57	0
46.641	1	1	1	5324.57	0
46.681	1	1	1	5324.57	0
46.721	1	1	1	5324.57	0
46.761	1	1	1	5324.57	0
46.801	1	1	1	5324.57	0
46.841	1	1	1	5324.57	0
46.881	1	1	1	5324.57	0
46.921	1	1	1	5324.57	0
46.961	1	1	1	5324.57	0
47.001	1	1	1	5324.57	0
47.041	1	1	1	5324.57	0
47.081	1	1	1	5324.57	0
47.121	1	1	1	5324.57	0
47.161	1	1	1	5324.57	0
47.201	1	1	1	5324.57	0
47.241	1	1	1	5324.57	0
47.281	1	1	1	5324.57	0
47.321	1	1	1	5324.57	0
47.361	1	1	1	5324.57	0
47.401	1	1	1	5324.57	0
47.441	1	1	1	5324.57	0
47.481	1	1	1	5324.57	0
47.521	1	1	1	5324.57	0
47.561	1	1	1	5324.57	0
47.601	1	1	1	5324.57	0
47.641	1	1	1	5324.57	0
47.681	1	1	1	5324.57	0
47.721	1	1	1	5324.57	0
47.761	1	1	1	5324.57	0
47.801	1	1	1	5324.57	0
47.841	1	1	1	5324.57	0
47.881	1	1	1	5324.57	0
47.921	1	1	1	5324.57	0
47.961	1	1	1	5324.57	0
48.001	1	1	1	5324.57	0
48.041	1	1	1	5324.57	0
48.081	1	1	1	5324.57	0
48.121	1	1	1	5324.57	0
48.161	1	1	1	5324.57	0
48.201	1	1	1	5324.57	0
48.241	1	1	1	5324.57	0
48.281	1	1	1	5324.57	0
48.321	1	1	1	5324.57	0
48.361	1	1	1	5324.57	0
48.401	1	1	1	5324.57	0
48.441	1	1	1	5324.57	0
48.481	1	1	1	5324.57	0
48.521	1	1	1	5324.57	0
48.561	1	1	1	5324.57	0
48.601	1	1	1	5324.57	0
48.641	1	1	1	5324.57	0
48.681	1	1	1	5324.57	0
48.721	1	1	1	5324.57	0
48.761	1	1	1	5324.57	0
48.801	1	1	1	5324.57	0
48.841	1	1	1	5324.57	0
48.881	1	1	1	5324.57	0
48.921	1	1	1	5324.57	0
48.961	1	1	1	5324.57	0
49.001	1	1	1	5324.57	0
49.041	1	1	1	5324.57	0
49.081	1	1	1	5324.57	0
49.121	1	1	1	5324.57	0
49.161	1	1	1	5324.57	0
49.201	1	1	1	5324.57	0
49.241	1	1	1	5324.57	0
49.281	1	1	1	5324.57	0
49.321	1	1	1	5324.57	0
49.361	1	1	1	5324.57	0
49.401	1	1	1	5324.57	0
49.441	1	1	1	5324.57	0
49.481	1	1	1	5324.57	0
49.521	1	1	1	5324.57	0
49.561	1	1	1	5324.57	0
49.601	1	1	1	5324.57	0
49.641	1	1	1	5324.57	0
49.681	1	1	1	5324.57	0
49.721	1	1	1	5324.57	0
49.761	1	1	1	5324.57	0
49.801	1	1	1	5324.57	0
49.841	1	1	1	5324.57	0
49.881	1	1	1	5324.57	0
49.921	1	1	1	5324.57	0
49.961	1	1	1	5324.57	0
50.001	1	1	1	5324.57	0
50.041	1	1	1	5324.57	0
50.081	1	1	1	5324.57	0
50.121	1	1	1	5324.57	0
50.161	1	1	1	5324.57	0
50.201	1	1	1	5324.57	0
50.241	1	1	1	5324.57	0
50.281	1	1	1	5324.57	0
50.321	1	1	1	5324.57	0
50.361	1	1	1	5324.57	0
50.401	1	1	1	5324.57	0
50.441	1	1	1	5324.57	0
50.481	1	1	1	5324.57	0
50.521	1	1	1	5324.57	0
50.561	1	1	1	5324.57	0
50.601	1	1	1	5324.57	0
50.641	1	1	1	5324.57	0
50.681	1	1	1	5324.57	0
50.721	1	1	1	5324.57	0
50.761	1	1	1	5324.57	0
50.801	1	1	1	5324.57	0
50.841	1	1	1	5324.57	0
50.881	1	1	1	5324.57	0
50.921	1	1	1	5324.57	0
50.961	1	1	1	5324.57	0
51.001	1	1	1	5324.57	0
51.041	1	1	1	5324.57	0
51.081	1	1	1	5324.57	0
51.121	1	1	1	5324.57	0
51.161	1	1	1	5324.57	0
51.201	1	1	1	5324.57	0
51.241	1	1	1	5324.57	0
51.281	1	1	1	5324.57	0
51.321	1	1	1	5324.57	0
51.361	1	1	1	5324.57	0
51.401	1	1	1	5324.57	0
51.441	1	1	1	5324.57	0
51.481	1	1	1	5324.57	0
51.521	1	1	1	5324.57	0
51.561	1	1	1	5324.57	0
51.601	1	1	1	5324.57	0
51.641	1	1	1	5324.57	0
51.681	1	1	1	5324.57	0
51.721	1	1	1	5324.57	0
51.761	1	1	1	5324.57	0
51.801	1	1	1	5324.57	0
51.841	1	1	1	5324.57	0
51.881	1	1	1	5324.57	0
51.921	1	1	1	5324.57	0
51.961	1	1	1	5324.57	0
52.001	1	1	1	5324.57	0
52.041	1	1	1	5324.57	0
52.081	1	1	1	5324.57	0
52.121	1	1	1	5324.57	0
52.161	1	1	1	5324.57	0
52.201	1	1	1	5324.57	0
52.241	1	1	1	5324.57	0
52.281	1	1	1	5324.57	0
52.321	1	1	1	5324.57	0
52.361	1	1	1	5324.57	0
52.401	1	1	1	5324.57	0
52.441	1	1	1	5324.57	0
52.481	1	1	1	5324.57	0
52.521	1	1	1	5324.57	0
52.561	1	1	1	5324.57	0
52.601	1	1	1	5324.57	0
52.641	1	1	1	5324.57	0
52.681	1	1	1	5324.57	0
52.721	1	1	1	5324.57	0
52.761	1	1	1	5324.57	0
52.801	1	1	1	5324.57	0
52.841	1	1	1	5324.57	0
52.881	1	1	1	5324.57	0
52.921	1	1	1	5324.57	0
52.961	1	1	1	5324.57	0
53.001	1	1	1	5324.57	0
53.041	1	1	1	5324.57	0
53.081	1	1	1	5324.57	0
53.121	1	1	1	5324.57	0
53.161	1	1	1	5324.57	0
53.201	1	1	1	5324.57	0
53.241	1	1	1	5324.57	0
53.281	1	1	1	5324.57	0
53.321	1	1	1	5324.57	0
53.361	1	1	1	5324.57	0
53.401	1	1	1	5324.57	0
53.441	1	1	1	5324.57	0
53.481	1	1	1	5324.57	0
53.521	1	1	1	5324.57	0
53.561	1	1	1	5324.57	0
53.601	1	1	1	5324.57	0
53.641	1	1	1	5324.57	0
53.681	1	1	1	5324.57	0
53.721	1	1	1	5324.57	0
53.761	1	1	1	5324.57	0
53.801	1	1	1	5324.57	0
53.841	1	1	1	5324.57	0
53.881	1	1	1	5324.57	0
53.921	1	1	1	5324.57	0
53.961	1	1	1	5324.57	0
54.001	1	1	1	5324.57	0
54.041	1	1	1	5324.57	0
54.081	1	1	1	5324.57	0
54.121	1	1	1	5324.57	0
54.161	1	1	1	5324.57	0
54.201	1	1	1	5324.57	0
54.241	1	1	1	5324.57	0
54.281	1	1	1	5324.57	0
54.321	1	1	1	5324.57	0
54.361	1	1	1	5324.57	0
54.401	1	1	1	5324.57	0
54.441	1	1	1	5324.57	0
54.481	1	1	1	5324.57	0
54.521	1	1	1	5324.57	0
54.561	1	1	1	5324.57	0
54.601	1	1	1	5324.57	0
54.641	1	1	1	5324.57	0
54.681	1	1	1	5324.57	0
54.721	1	1	1	5324.57	0
54.761	1	1	1	5324.57	0
54.801	1	1	1	5324.57	0
54.841	1	1	1	5324.57	0
54.881	1	1	1	5324.57	0
54.921	1	1	1	5324.57	0
54.961	1	1	1	5324.57	0
55.001	1	1	1	5324.57	0
55.041	1	1	1	5324.57	0
55.081	1	1	1	5324.57	0
55.121	1	1	1	5324.57	0
55.161	1	1	1	5324.57	0
55.201	1	1	1	5324.57	0
55.241	1	1	1	5324.57	0
55.281	1	1	1	5324.57	0
55.321	1	1	1	5324.57	0
55.361	1	1	1	5324.57	0
55.401	1	1	1	5324.57	0
55.441	1	1	1	5324.57	0
55.481	1	1	1	5324.57	0
55.521	1	1	1	5324.57	0
55.561	1	1	1	5324.57	0
55.601	1	1	1	5324.57	0
55.641	1	1	1	5324.57	0
55.681	1	1	1	5324.57	0
55.721	1	1	1	5324.57	0
55.761	1	1	1	5324.57	0
55.801	1	1	1	5324.57	0
55.841	1	1	1	5324.57	0
55.881	1	1	1	5324.57	0
55.921	1	1	1	5324.57	0
55.961	1	1	1	5324.57	0
56.001	1	1	1	5324.57	0
56.041	1	1	1	5324.57	0
56.081	1	1	1	5324.57	0
56.121	1	1	1	5324.57	0
56.161	1	1	1	5324.57	0
56.201	1	1	1	5324.57	0
56.241	1	1	1	5324.57	0
56.281	1	1	1	5324.57	0
56.321	1	1	1	5324.57	0
56.361	1	1	1	5324.57	0
56.401	1	1	1	5324.57	0
56.441	1	1	1	5324.57	0
56.481	1	1	1	5324.57	0
56.521	1	1	1	5324.57	0
56.561	1	1	1	5324.57	0
56.601	1	1	1	5324.57	0
56.641	1	1	1	5324.57	0
56.681	1	1	1	5324.57	0
56.721	1	1	1	5324.57	0
56.761	1	1	1	5324.57	0
56.801	1	1	1	5324.57	0
56.841	1	1	1	5324.57	0
56.881	1	1	1	5324.57	0
56.921	1	1	1	5324.57	0
56.961	1	1	1	5324.57	0
57.001	1	1	1	5324.57	0
57.041	1	1	1	5324.57	0
57.081	1	1	1	5324.57	0
57.121	1	1	1	5324.57	0
57.161	1	1	1	5324.57	0
57.201	1	1	1	5324.57	0
57.241	1	1	1	5324.57	0
57.281	1	1	1	5324.57	0
57.321	1	1	1	5324.57	0
57.361	1	1	1	5324.57	0
57.401	1	1	1	5324.57	0
57.441	1	1	1	5324.57	0
57.481	1	1	1	5324.57	0
57.521	1	1	1	5324.57	0
57.561	1	1	1	5324.57	0
57.601	1	1	1	5324.57	0
57.641	1	1	1	5324.57	0
57.681	1	1	1	5324.57	0
57.721	1	1	1	5324.57	0
57.761	1	1	1	5324.57	0
57.801	1	1	1	5324.57	0
57.841	1	1	1	5324.57	0
57.881	1	1	1	5324.57	0
57.921	1	1	1	5324.57	0
57.961	1	1	1	5324.57	0
58.001	1	1	1	5324.57	0
58.041	1	1	1	5324.57	0
58.081	1	1	1	5324.57	0
58.121	1	1	1	5324.57	0
58.161	1	1	1	5324.57	0
58.201	1	1	1	5324.57	0
58.241	1	1	1	5324.57	0
58.281	1	1	1	5324.57	0
58.321	1	1	1	5324.57	0
58.361	1	1	1	5324.57	0
58.401	1	1	1	5324.57	0
58.441	1	1	1	5324.57	0
58.481	1	1	1	5324.57	0
58.521	1	1	1	5324.57	0
58.561	1	1	1	5324.57	0
58.601	1	1	1	5324.57	0
58.641	1	1	1	5324.57	0
58.681	1	1	1	5324.57	0
58.721	1	1	1	5324.57	0
58.761	1	1	1	5324.57	0
58.801	1	1	1	5324.57	0
58.841	1	1	1	5324.57	0
58.881	1	1	1	5324.57	0
58.921	1	1	1	5324.57	0
58.961	1	1	1	5324.57	0
59.001	1	1	1	5324.57	0
59.041	1	1	1	5324.57	0
59.081	1	1	1	5324.57	0
59.121	1	1	1	5324.57	0
59.161	1	1	1	5324.57	0
59.201	1	1	1	5324.57	0
59.241	1	1	1	5324.57	0
59.281	1	1	1	5324.57	0
59.321	1	1	1	5324.57	0
59.361	1	1	1	5324.57	0
59.401	1	1	1	5324.57	0
59.441	1	1	1	5324.57	0
59.481	1	1	1	5324.57	0
59.521	1	1	1	5324.57	0
59.561	1	1	1	5324.57	0
59.601	1	1	1	5324.57	0
59.641	1	1	1	5324.57	0
59.681	1	1	1	5324.57	0
59.721	1	1	1	5324.57	0
59.761	1	1	1	5324.57	0
59.801	1	1	1	5324.57	0
59.841	1	1	1	5324.57	0
59.881	1	1	1	5324.57	0
59.921	1	1	1	5324.57	0
59.961	1	1	1	5324.57	0
60.001	1	1	1	5324.57	0
60.041	1	1	1	5324.57	0
60.081	1	1	1	5324.57	0
60.121	1	1	1	5324.57	0
60.161	1	1	1	5324.57	0
60.201	1	1	1	5324.57	0
60.241	1	1	1	5324.57	0
60.281	1	1	1	5324.57	0
60.321	1	1	1	5324.57	0
60.361	1	1	1	5324.57	0
60.401	1	1	1	5324.57	0
60.441	1	1	1	5324.57	0
60.481	1	1	1	5324.57	0
60.521	1	1	1	5324.57	0
60.561	1	1	1	5324.57	0
60.601	1	1	1	5324.57	0
60.641	1	1	1	5324.57	0
60.681	1	1	1	5324.57	0
60.721	1	1	1	5324.57	0
60.761	1	1	1	5324.57	0
60.801	1	1	1	5324.57	0
60.841	1	1	1	5324.57	0
60.881	1	1	1	5324.57	0
60.921	1	1	1	5324.57	0
60.961	1	1	1	5324.57	0
61.001	1	1	1	5324.57	0
61.041	1	1	1	5324.57	0
61.081	1	1	1	5324.57	0
61.121	1	1	1	5324.57	0
61.161	1	1	1	5324.57	0
61.201	1	1	1	5324.57	0
61.241	1	1	1	5324.57	0
61.281	1	1	1	5324.57	0
61.321	1	1	1	5324.57	0
61.361	1	1	1	5324.57	0
61.401	1	1	1	5324.57	0
61.441	1	1	1	5324.57	0
61.481	1	1	1	5324.57	0
61.521	1	1	1	5324.57	0
61.561	1	1	1	5324.57	0
61.601	1	1	1	5324.57	0
61.641	1	1	1	5324.57	0
61.681	1	1	1	5324.57	0
61.721	1	1	1	5324.57	0
61.761	1	1	1	5324.57	0
61.801	1	1	1	5324.57	0
61.841	1	1	1	5324.57	0
61.881	1	1	1	5324.57	0
61.921	1	1	1	5324.57	0
61.961	1	1	1	5324.57	0
62.001	1	1	1	5324.57	0
62.041	1	1	1	5324.57	0
62.081	1	1	1	5324.57	0
62.121	1	1	1	5324.57	0
62.161	1	1	1	5324.57	0
62.201	1	1	1	5324.57	0
62.241	1	1	1	5324.57	0
62.281	1	1	1	5324.57	0
62.321	1	1	1	5324.57	0
62.361	1	1	1	5324.57	0
62.401	1	1	1	5324.57	0
62.441	1	1	1	5324.57	0
62.481	1	1	1	5324.57	0
62.521	1	1	1	5324.57	0
62.561	1	1	1	5324.57	0
62.601	1	1	1	5324.57	0
62.641	1	1	1	5324.57	0
62.681	1	1	1	5324.57	0
62.721	1	1	1	5324.57	0
62.761	1	1	1	5324.57	0
62.801	1	1	1	5324.57	0
62.841	1	1	1	5324.57	0
62.881	1	1	1	5324.57	0
62.921	1	1	1	5324.57	0
62.961	1	1	1	5324.57	0
63.001	1	1	1	5324.57	0
63.041	1	1	1	5324.57	0
63.081	1	1	1	5324.57	0
63.121	1	1	1	5324.57	0
63.161	1	1	1	5324.57	0
63.201	1	1	1	5324.57	0
63.241	1	1	1	5324.57	0
63.281	1	1	1	5324.57	0
63.321	1	1	1	5324.57	0
63.361	1	1	1	5324.57	0
63.401	1	1	1	5324.57	0
63.441	1	1	1	5324.57	0
63.481	1	1	1	5324.57	0
63.521	1	1	1	5324.57	0
63.561	1	1	1	5324.57	0
63.601	1	1	1	5324.57	0
63.641	1	1	1	5324.57	0
63.681	1	1	1	5324.57	0
63.721	1	1	1	5324.57	0
63.761	1	1	1	5324.57	0
63.801	1	1	1	5324.57	0
63.841	1	1	1	5324.57	0
63.881	1	1	1	5324.57	0
63.921	1	1	1	5324.57	0
63.961	1	1	1	5324.57	0
64.001	1	1	1	5324.57	0
64.041	1	1	1	5324.57	0
64.081	1	1	1	5324.57	0
64.121	1	1	1	5324.57	0
64.161	1	1	1	5324.57	0
64.201	1	1	1	5324.57	0
64.241	1	1	1	5324.57	0
64.281	1	1	1	5324.57	0
64.321	1	1	1	5324.57	0
64.361	1	1	1	5324.57	0
64.401	1	1	1	5324.57	0
64.441	1	1	1	5324.57	0
64.481	1	1	1	5324.57	0
64.521	1	1	1	5324.57	0
64.561	1	1	1	5324.57	0
64.601	1	1	1	5324.57	0
64.641	1	1	1	5324.57	0
64.681	1	1	1	5324.57	0
64.721	1	1	1	5324.57	0
64.761	1	1	1	5324.57	0
64.801	1	1	1	5324.57	0
64.841	1	1	1	5324.57	0
64.881	1	1	1	5324.57	0
64.921	1	1	1	5324.57	0
64.961	1	1	1	5324.57	0
65.001	1	1	1	5324.57	0
65.041	1	1	1	5324.57	0
65.081	1	1	1	5324.57	0
65.121	1	1	1	5324.57	0
65.161	1	1	1	5324.57	0
65.201	1	1	1	5324.57	0
65.241	1	1	1	5324.57	0
65.281	1	1	1	5324.57	0
65.321	1	1	1	5324.57	0
65.361	1	1	1	5324.57	0
65.401	1	1	1	5324.57	0
65.441	1	1	1	5324.57	0
65.481	1	1	1	5324.57	0
65.521	1	1	1	5324.57	0
65.561	1	1	1	5324.57	0
65.601	1	1	1	5324.57	0
65.641	1	1	1	5324.57	0
65.681	1	1	1	5324.57	0
65.721	1	1	1	5324.57	0
65.761	1	1	1	5324.57	0
65.801	1	1	1	5324.57	0
65.841	1	1	1	5324.57	0
65.881	1	1	1	5324.57	0
65.921	1	1	1	5324.57	0
65.961	1	1	1	5324.57	0
66.001	1	1	1	5324.57	0
66.041	1	1	1	5324.57	0
66.081	1	1	1	5324.57	0
66.121	1	1	1	5324.57	0
66.161	1	1	1	5324.57	0
66.201	1	1	1	5324.57	0
66.241	1	1	1	5324.57	0
66.281	1	1	1	5324.57	0
66.321	1	1	1	5324.57	0
66.361	1	1	1	5324.57	0
66.401	1	1	1	5324.57	0
66.441	1	1	1	5324.57	0
66.481	1	1	1	5324.57	0
66.521	1	1	1	5324.57	0
66.561	1	1	1	5324.57	0
66.601	1	1	1	5324.57	0
66.641	1	1	1	5324.57	0
66.681	1	1	1	5324.57	0
66.721	1	1	1	5324.57	0
66.761	1	1	1	5324.57	0
66.801	1	1	1	5324.57	0
66.841	1	1	1	5324.57	0
66.881	1	1	1	5324.57	0
66.921	1	1	1	5324.57	0
66.961	1	1	1	5324.57	0
67.001	1	1	1	5324.57	0
67.041	1	1	1	5324.57	0
67.081	1	1	1	5324.57	0
67.121	1	1	1	5324.57	0
67.161	1	1	1	5324.57	0
67.201	1	1	1	5324.57	0
67.241	1	1	1	5324.57	0
67.281	1	1	1	5324.57	0
67.321	1	1	1	5324.57	0
67.361	1	1	1	5324.57	0
67.401	1	1	1	5324.57	0
67.441	1	1	1	5324.57	0
67.481	1	1	1	5324.57	0
67.521	1	1	1	5324.57	0
67.561	1	1	1	5324.57	0
67.601	1	1	1	5324.57	0
67.641	1	1	1	5324.57	0
67.681	1	1	1	5324.57	0
67.721	1	1	1	5324.57	0
67.761	1	1	1	5324.57	0
67.801	1	1	1	5324.57	0
67.841	1	1	1	5324.57	0
67.881	1	1	1	5324.57	0
67.921	1	1	1	5324.57	0
67.961	1	1	1	5324.57	0
68.001	1	1	1	5324.57	0
68.041	1	1	1	5324.57	0
68.081	1	1	1	5324.57	0
68.121	1	1	1	5324.57	0
68.161	1	1	1	5324.57	0
68.201	1	1	1	5324.57	0
68.241	1	1	1	5324.57	0
68.281	1	1	1	5324.57	0
68.321	1	1	1	5324.57	0
68.361	1	1	1	5324.57	0
68.401	1	1	1	5324.57	0
68.441	1	1	1	5324.57	0
68.481	1	1	1	5324.57	0
68.521	1	1	1	5324.57	0
68.561	1	1	1	5324.57	0
68.601	1	1	1	5324.57	0
68.641	1	1	1	5324.57	0
68.681	1	1	1	5324.57	0
68.721	1	1	1	5324.57	0
68.761	1	1	1	5324.57	0
68.801	1	1	1	5324.57	0
68.841	1	1	1	5324.57	0
68.881	1	1	1	5324.57	0
68.921	1	1	1	5324.57	0
68.961	1	1	1	5324.57	0
69.001	1	1	1	5324.57	0
69.041	1	1	1	5324.57	0
69.081	1	1	1	5324.57	0
69.121	1	1	1	5324.57	0
69.161	1	1	1	5324.57	0
69.201	1	1	1	5324.57	0
69.241	1	1	1	5324.57	0
69.281	1	1	1	5324.57	0
69.321	1	1	1	5324.57	0
69.361	1	1	1	5324.57	0
69.401	1	1	1	5324.57	0
69.441	1	1	1	5324.57	0
69.481	1	1	1	5324.57	0
69.521	1	1	1	5324.57	0
69.561	1	1	1	5324.57	0
69.601	1	1	1	5324.57	0
69.641	1	1	1	5324.57	0
69.681	1	1	1	5324.57	0
69.721	1	1	1	5324.57	0
69.761	1	1	1	5324.57	0
69.801	1	1	1	5324.57	0
69.841	1	1	1	5324.57	0
69.881	1	1	1	5324.57	0
69.921	1	1	1	5324.57	0
69.961	1	1	1	5324.57	0
70.001	1	1	1	5324.57	0
70.041	1	1	1	5324.57	0
70.081	1	1	1	5324.57	0
70.121	1	1	1	5324.57	0
70.161	1	1	1	5324.57	0
70.201	1	1	1	5324.57	0
70.241	1	1	1	5324.57	0
70.281	1	1	1	5324.57	0
70.321	1	1	1	5324.57	0
70.361	1	1	1	5324.57	0
70.401	1	1	1	5324.57	0
70.441	1	1	1	5324.57	0
70.481	1	1	1	5324.57	0
70.521	1	1	1	5324.57	0
70.561	1	1	1	5324.57	0
70.601	1	1	1	5324.57	0
70.641	1	1	1	5324.57	0
70.681	1	1	1	5324.57	0
70.721	1	1	1	5324.57	0
70.761	1	1	1	5324.57	0
70.801	1	1	1	5324.57	0
70.841	1	1	1	5324.57	0
70.881	1	1	1	5324.57	0
70.921	1	1	1	5324.57	0
70.961	1	1	1	5324.57	0
71.001	1	1	1	5324.57	0
71.041	1	1	1	5324.57	0
71.081	1	1	1	5324.57	0
71.121	1	1	1	5324.57	0
71.161	1	1	1	5324.57	0
71.201	1	1	1	5324.57	0
71.241	1	1	1	5324.57	0
71.281	1	1	1	5324.57	0
71.321	1	1	1	5324.57	0
71.361	1	1	1	5324.57	0
71.401	1	1	1	5324.57	0
71.441	1	1	1	5324.57	0
71.481	1	1	1	5324.57	0
71.521	1	1	1	5324.57	0
71.561	1	1	1	5324.57	0
71.601	1	1	1	5324.57	0
71.641	1	1	1	5324.57	0
71.681	1	1	1	5324.57	0
71.721	1	1	1	5324.57	0
71.761	1	1	1	5324.57	0
71.801	1	1	1	5324.57	0
71.841	1	1	1	5324.57	0
71.881	1	1	1	5324.57	0
71.921	1	1	1	5324.57	0
71.961	1	1	1	5324.57	0
72.001	1	1	1	5324.57	0
72.041	1	1	1	5324.57	0
72.081	1	1	1	5324.57	0
72.121	1	1	1	5324.57	0
72.161	1	1	1	5324.57	0
72.201	1	1	1	5324.57	0
72.241	1	1	1	5324.57	0
72.281	1	1	1	5324.57	0
72.321	1	1	1	5324.57	0
72.361	1	1	1	5324.57	0
72.401	1	1	1	5324.57	0
72.441	1	1	1	5324.57	0
72.481	1	1	1	5324.57	0
72.521	1	1	1	5324.57	0
72.561	1	1	1	5324.57	0
72.601	1	1	1	5324.57	0
72.641	1	1	1	5324.57	0
72.681	1	1	1	5324.57	0
72.721	1	1	1	5324.57	0
72.761	1	1	1	5324.57	0
72.801	1	1	1	5324.57	0
72.841	1	1	1	5324.57	0
72.881	1	1	1	5324.57	0
72.921	1	1	1	5324.57	0
72.961	1	1	1	5324.57	0
73.001	1	1	1	5324.57	0
73.041	1	1	1	5324.57	0
73.081	1	1	1	5324.57	0
73.121	1	1	1	5324.57	0
73.161	1	1	1	5324.57	0
73.201	1	1	1	5324.57	0
73.241	1	1	1	5324.57	0
73.281	1	1	1	5324.57	0
73.321	1	1	1	5324.57	0
73.361	1	1	1	5324.57	0
73.401	1	1	1	5324.57	0
73.441	1	1	1	5324.57	0
73.481	1	1	1	5324.57	0
73.521	1	1	1	5324.57	0
73.561	1	1	1	5324.57	0
73.601	1	1	1	5324.57	0
73.641	1	1	1	5324.57	0
73.681	1	1	1	5324.57	0
73.721	1	1	1	5324.57	0
73.761	1	1	1	5324.57	0
73.801	1	1	1	5324.57	0
73.841	1	1	1	5324.57	0
73.881	1	1	1	5324.57	0
73.921	1	1	1	5324.57	0
73.961	1	1	1	5324.57	0
74.001	1	1	1	5324.57	0
74.041	1	1	1	5324.57	0
74.081	1	1	1	5324.57	0
74.121	1	1	1	5324.57	0
74.161	1	1	1	5324.57	0
74.201	1	1	1	5324.57	0
74.241	1	1	1	5324.57	0
74.281	1	1	1	5324.57	0
74.321	1	1	1	5324.57	0
74.361	1	1	1	5324.57	0
74.401	1	1	1	5324.57	0
74.441	1	1	1	5324.57	0
74.481	1	1	1	5324.57	0
74.521	1	1	1	5324.57	0
74.561	1	1	1	5324.57	0
74.601	1	1	1	5324.57	0
74.641	1	1	1	5324.57	0
74.681	1	1	1	5324.57	0
74.721	1	1	1	5324.57	0
74.761	1	1	1	5324.57	0
74.801	1	1	1	5324.57	0
74.841	1	1	1	5324.57	0
74.881	1	1	1	5324.57	0
74.921	1	1	1	5324.57	0
74.961	1	1	1	5324.57	0
75.001	1	1	1	5324.57	0
75.041	1	1	1	5324.57	0
75.081	1	1	1	5324.57	0
75.121	1	1	1	5324.57	0
75.161	1	1	1	5324.57	0
75.201	1	1	1	5324.57	0
75.241	1	1	1	5324.57	0
75.281	1	1	1	5324.57	0
75.321	1	1	1	5324.57	0
75.361	1	1	1	5324.57	0
75.401	1	1	1	5324.57	0
75.441	1	1	1	5324.57	0
75.481	1	1	1	5324.57	0
75.521	1	1	1	5324.57	0
75.561	1	1	1	5324.57	0
75.601	1	1	1	5324.57	0
75.641	1	1	1	5324.57	0
75.681	1	1	1	5324.57	0
75.721	1	1	1	5324.57	0
75.761	1	1	1	5324.57	0
75.801	1	1	1	5324.57	0
75.841	1	1	1	5324.57	0
75.881	1	1	1	5324.57	0
75.921	1	1	1	5324.57	0
75.961	1	1	1	5324.57	0
76.001	1	1	1	5324.57	0
76.041	1	1	1	5324.57	0
76.081	1	1	1	5324.57	0
76.121	1	1	1	5324.57	0
76.161	1	1	1	5324.57	0
76.201	1	1	1	5324.57	0
76.241	1	1	1	5324.57	0
76.281	1	1	1	5324.57	0
76.321	1	1	1	5324.57	0
76.361	1	1	1	5324.57	0
76.401	1	1	1	5324.57	0
76.441	1	1	1	5324.57	0
76.481	1	1	1	5324.57	0
76.521	1	1	1	5324.57	0
76.561	1	1	1	5324.57	0
76.601	1	1	1	5324.57	0
76.641	1	1	1	5324.57	0
76.681	1	1	1	5324.57	0
76.721	1	1	1	5324.57	0
76.761	1	1	1	5324.57	0
76.801	1	1	1	5324.57	0
76.841	1	1	1	5324.57	0
76.881	1	1	1	5324.57	0
76.921	1	1	1	5324.57	0
76.961	1	1	1	5324.57	0
77.001	1	1	1	5324.57	0
77.041	1	1	1	5324.57	0
77.081	1	1	1	5324.57	0
77.121	1	1	1	5324.57	0
77.161	1	1	1	5324.57	0
77.201	1	1	1	5324.57	0
77.241	1	1	1	5324.57	0
77.281	1	1	1	5324.57	0
77.321	1	1	1	5324.57	0
77.361	1	1	1	5324.57	0
77.401	1	1	1	5324.57	0
77.441	1	1	1	5324.57	0
77.481	1	1	1	5324.57	0
77.521	1	1	1	5324.57	0
77.561	1	1	1	5324.57	0
77.601	1	1	1	5324.57	0
77.641	1	1	1	5324.57	0
77.681	1	1	1	5324.57	0
77.721	1	1	1	5324.57	0
77.761	1	1	1	5324.57	0
77.801	1	1	1	5324.57	0
77.841	1	1	1	5324.57	0
77.881	1	1	1	5324.57	0
77.921	1	1	1	5324.57	0
77.961	1	1	1	5324.57	0
78.001	1	1	1	5324.57	0
78.041	1	1	1	5324.57	0
78.081	1	1	1	5324.57	0
78.121	1	1	1	5324.57	0
78.161	1	1	1	5324.57	0
78.201	1	1	1	5324.57	0
78.241	1	1	1	5324.57	0
78.281	1	1	1	5324.57	0
78.321	1	1	1	5324.57	0
78.361	1	1	1	5324.57	0
78.401	1	1	1	5324.57	0
78.441	1	1	1	5324.57	0
78.481	1	1	1	5324.57	0
78.521	1	1	1	5324.57	0
78.561	1	1	1	5324.57	0
78.601	1	1	1	5324.57	0
78.641	1	1	1	5324.57	0
78.681	1	1	1	5324.57	0
78.721	1	1	1	5324.57	0
78.761	1	1	1	5324.57	0
78.801	1	1	1	5324.57	0
78.841	1	1	1	5324.57	0
78.881	1	1	1	5324.57	0
78.921	1	1	1	5324.57	0
78.961	1	1	1	5324.57	0
79.001	1	1	1	5324.57	0
79.041	1	1	1	5324.57	0
79.081	1	1	1	5324.57	0
79.121	1	1	1	5324.57	0
79.161	1	1	1	5324.57	0
79.201	1	1	1	5324.57	0
79.241	1	1	1	5324.57	0
79.281	1	1	1	5324.57	0
79.321	1	1	1	5324.57	0
79.361	1	1	1	5324.57	0
79.401	1	1	1	5324.57	0
79.441	1	1	1	5324.57	0
79.481	1	1	1	5324.57	0
79.521	1	1	1	5324.57	0
79.561	1	1	1	5324.57	0
79.601	1	1	1	5324.57	0
79.641	1	1	1	5324.57	0
79.681	1	1	1	5324.57	0
79.721	1	1	1	5324.57	0
79.761	1	1	1	5324.57	0
79.801	1	1	1	5324.57	0
79.841	1	1	1	5324.57	0
79.881	1	1	1	5324.57	0
79.921	1	1	1	5324.57	0
79.961	1	1	1	5324.57	0
80.001	1	1	1	5324.57	0
80.041	1	1	1	5324.57	0
80.081	1	1	1	5324.57	0
80.121	1	1	1	5324.57	0
80.161	1	1	1	5324.57	0
80.201	1	1	1	5324.57	0
80.241	1	1	1	5324.57	0
80.281	1	1	1	5324.57	0
80.321	1	1	1	5324.57	0
80.361	1	1	1	5324.57	0
80.401	1	1	1	5324.57	0
80.441	1	1	1	5324.57	0
80.481	1	1	1	5324.57	0
80.521	1	1	1	5324.57	0
80.561	1	1	1	5324.57	0
80.601	1	1	1	5324.57	0
80.641	1	1	1	5324.57	0
80.681	1	1	1	5324.57	0
80.721	1	1	1	5324.57	0
80.761	1	1	1	5324.57	0
80.801	1	1	1	5324.57	0
80.841	1	1	1	5324.57	0
80.881	1	1	1	5324.57	0
80.921	1	1	1	5324.57	0
80.961	1	1	1	5324.57	0
81.001	1	1	1	5324.57	0
81.041	1	1	1	5324.57	0
81.081	1	1	1	5324.57	0
81.121	1	1	1	5324.57	0
81.161	1	1	1	5324.57	0
81.201	1	1	1	5324.57	0
81.241	1	1	1	5324.57	0
81.281	1	1	1	5324.57	0
81.321	1	1	1	5324.57	0
81.361	1	1	1	5324.57	0
81.401	1	1	1	5324.57	0
81.441	1	1	1	5324.57	0
81.481	1	1	1	5324.57	0
81.521	1	1	1	5324.57	0
81.561	1	1	1	5324.57	0
81.601	1	1	1	5324.57	0
81.641	1	1	1	5324.57	0
81.681	1	1	1	5324.57	0
81.721	1	1	1	5324.57	0
81.761	1	1	1	5324.57	0
81.801	1	1	1	5324.57	0
81.841	1	1	1	5324.57	0
81.881	1	1	1	5324.57	0
81.921	1	1	1	5324.57	0
81.961	1	1	1	5324.57	0
82.001	1	1	1	5324.57	0
82.041	1	1	1	5324.57	0
82.081	1	1	1	5324.57	0
82.121	1	1	1	5324.57	0
82.161	1	1	1	5324.57	0
82.201	1	1	1	5324.57	0
82.241	1	1	1	5324.57	0
82.281	1	1	1	5324.57	0
82.321	1	1	1	5324.57	0
82.361	1	1	1	5324.57	0
82.401	1	1	1	5324.57	0
82.441	1	1	1	5324.57	0
82.481	1	1	1	5324.57	0
82.521	1	1	1	5324.57	0
82.561	1	1	1	5324.57	0
82.601	1	1	1	5324.57	0
82.641	1	1	1	5324.57	0
82.681	1	1	1	5324.57	0
82.721	1	1	1	5324.57	0
82.761	1	1	1	5324.57	0
82.801	1	1	1	5324.57	0
82.841	1	1	1	5324.57	0
82.881	1	1	1	5324.57	0
82.921	1	1	1	5324.57	0
82.961	1	1	1	5324.57	0
83.001	1	1	1	5324.57	0
83.041	1	1	1	5324.57	0
83.081	1	1	1	5324.57	0
83.121	1	1	1	5324.57	0
83.161	1	1	1	5324.57	0
83.201	1	1	1	5324.57	0
83.241	1	1	1	5324.57	0
83.281	1	1	1	5324.57	0
83.321	1	1	1	5324.57	0
83.361	1	1	1	5324.57	0
83.401	1	1	1	5324.57	0
83.441	1	1	1	5324.57	0
83.481	1	1	1	5324.57	0
83.521	1	1	1	5324.57	0
83.561	1	1	1	5324.57	0
83.601	1	1	1	5324.57	0
83.641	1	1	1	5324.57	0
83.681	1	1	1	5324.57	0
83.721	1	1	1	5324.57	0
83.761	1	1	1	5324.57	0
83.801	1	1	1	5324.57	0
83.841	1	1	1	5324.57	0
83.881	1	1	1	5324.57	0
83.921	1	1	1	5324.57	0
83.961	1	1	1	5324.57	0
84.001	1	1	1	5324.57	0
84.041	1	1	1	5324.57	0
84.081	1	1	1	5324.57	0
84.121	1	1	1	5324.57	0
84.161	1	1	1	5324.57	0
84.201	1	1	1	5324.57	0
84.241	1	1	1	5324.57	0
84.281	1	1	1	5324.57	0
84.321	1	1	1	5324.57	0
84.361	1	1	1	5324.57	0
84.401	1	1	1	5324.57	0
84.441	1	1	1	5324.57	0
84.481	1	1	1	5324.57	0
84.521	1	1	1	5324.57	0
84.561	1	1	1	5324.57	0
84.601	1	1	1	5324.57	0
84.641	1	1	1	5324.57	0
84.681	1	1	1	5324.57	0
84.721	1	1	1	5324.57	0
84.761	1	1	1	5324.57	0
84.801	1	1	1	5324.57	0
84.841	1	1	1	5324.57	0
84.881	1	1	1	5324.57	0
84.921	1	1	1	5324.57	0
84.961	1	1	1	5324.57	0
85.001	1	1	1	5324.57	0
85.041	1	1	1	5324.57	0
85.081	1	1	1	5324.57	0
85.121	1	1	1	5324.57	0
85.161	1	1	1	5324.57	0
85.201	1	1	1	5324.57	0
85.241	1	1	1	5324.57	0
85.281	1	1	1	5324.57	0
85.321	1	1	1	5324.57	0
85.361	1	1	1	5324.57	0
85.401	1	1	1	5324.57	0
85.441	1	1	1	5324.57	0
85.481	1	1	1	5324.57	0
85.521	1	1	1	5324.57	0
85.561	1	1	1	5324.57	0
85.601	1	1	1	5324.57	0
85.641	1	1	1	5324.57	0
85.681	1	1	1	5324.57	0
85.721	1	1	1	5324.57	0
85.761	1	1	1	5324.57	0
85.801	1	1	1	5324.57	0
85.841	1	1	1	5324.57	0
85.881	1	1	1	5324.57	0
85.921	1	1	1	5324.57	0
85.961	1	1	1	5324.57	0
86.001	1	1	1	5324.57	0
86.041	1	1	1	5324.57	0
86.081	1	1	1	5324.57	0
86.121	1	1	1	5324.57	0
86.161	1	1	1	5324.57	0
86.201	1	1	1	5324.57	0
86.241	1	1	1	5324.57	0
86.281	1	1	1	5324.57	0
86.321	1	1	1	5324.57	0
86.361	1	1	1	5324.57	0
86.401	1	1	1	5324.57	0
86.441	1	1	1	5324.57	0
86.481	1	1	1	5324.57	0
86.521	1	1	1	5324.57	0
86.561	1	1	1	5324.57	0
86.601	1	1	1	5324.57	0
86.641	1	1	1	5324.57	0
86.681	1	1	1	5324.57	0
86.721	1	1	1	5324.57	0
86.761	1	1	1	5324.57	0
86.801	1	1	1	5324.57	0
86.841	1	1	1	5324.57	0
86.881	1	1	1	5324.57	0
86.921	1	1	1	5324.57	0
86.961	1	1	1	5324.57	0
87.001	1	1	1	5324.57	0
87.041	1	1	1	5324.57	0
87.081	1	1	1	5324.57	0
87.121	1	1	1	5324.57	0
87.161	1	1	1	5324.57	0
87.201	1	1	1	5324.57	0
87.241	1	1	1	5324.57	0
87.281	1	1	1	5324.57	0
87.321	1	1	1	5324.57	0
87.361	1	1	1	5324.57	0
87.401	1	1	1	5324.57	0
87.441	1	1	1	5324.57	0
87.481	1	1	1	5324.57	0
87.521	1	1	1	5324.57	0
87.561	1	1	1	5324.57	0
87.601	1	1	1	5324.57	0
87.641	1	1	1	5324.57	0
87.681	1	1	1	5324.57	0
87.721	1	1	1	5324.57	0
87.761	1	1	1	5324.57	0
87.801	1	1	1	5324.57	0
87.841	1	1	1	5324.57	0
87.881	1	1	1	5324.57	0
87.921	1	1	1	5324.57	0
87.961	1	1	1	5324.57	0
88.001	1	1	1	5324.57	0
88.041	1	1	1	5324.57	0
88.081	1	1	1	5324.57	0
88.121	1	1	1	5324.57	0
88.161	1	1	1	5324.57	0
88.201	1	1	1	5324.57	0
88.241	1	1	1	5324.57	0
88.281	1	1	1	5324.57	0
88.321	1	1	1	5324.57	0
88.361	1	1	1	5324.57	0
88.401	1	1	1	5324.57	0
88.441	1	1	1	5324.57	0
88.481	1	1	1	5324.57	0
88.521	1	1	1	5324.57	0
88.561	1	1	1	5324.57	0
88.601	1	1	1	5324.57	0
88.641	1	1	1	5324.57	0
88.681	1	1	1	5324.57	0
88.721	1	1	1	5324.57	0
88.761	1	1	1	5324.57	0
88.801	1	1	1	5324.57	0
88.841	1	1	1	5324.57	0
88.881	1	1	1	5324.57	0
88.921	1	1	1	5324.57	0
88.961	1	1	1	5324.57	0
89.001	1	1	1	5324.57	0
89.041	1	1	1	5324.57	0
89.081	1	1	1	5324.57	0
89.121	1	1	1	5324.57	0
89.161	1	1	1	5324.57	0
89.201	1	1	1	5324.57	0
89.241	1	1	1	5324.57	0
89.281	1	1	1	5324.57	0
89.321	1	1	1	5324.57	0
89.361	1	1	1	5324.57	0
89.401	1	1	1	5324.57	0
89.441	1	1	1	5324.57	0
89.481	1	1	1	5324.57	0
89.521	1	1	1	5324.57	0
89.561	1	1	1	5324.57	0
89.601	1	1	1	5324.57	0
89.641	1	1	1	5324.57	0
89.681	1	1	1	5324.57	0
89.721	1	1	1	5324.57	0
89.761	1	1	1	5324.57	0
89.801	1	1	1	5324.57	0
89.841	1	1	1	5324.57	0
89.881	1	1	1	5324.57	0
89.921	1	1	1	5324.57	0
89.961	1	1	1	5324.57	0
90.001	1	1	1	5324.57	0
90.041	1	1	1	5324.57	0
90.081	1	1	1	5324.57	0
90.121	1	1	1	5324.57	0
90.161	1	1	1	5324.57	0
90.201	1	1	1	5324.57	0
90.241	1	1	1	5324.57	0
90.281	1	1	1	5324.57	0
90.321	1	1	1	5324.57	0
90.361	1	1	1	5324.57	0
90.401	1	1	1	5324.57	0
90.441	1	1	1	5324.57	0
90.481	1	1	1	5324.57	0
90.521	1	1	1	5324.57	0
90.561	1	1	1	5324.57	0
90.601	1	1	1	5324.57	0
90.641	1	1	1	5324.57	0
90.681	1	1	1	5324.57	0
90.721	1	1	1	5324.57	0
90.761	1	1	1	5324.57	0
90.801	1	1	1	5324.57	0
90.841	1	1	1	5324.57	0
90.881	1	1	1	5324.57	0
90.921	1	1	1	5324.57	0
90.961	1	1	1	5324.57	0
91.001	1	1	1	5324.57	0
91.041	1	1	1	5324.57	0
91.081	1	1	1	5324.57	0
91.121	1	1	1	5324.57	0
91.161	1	1	1	5324.57	0
91.201	1	1	1	5324.57	0
91.241	1	1	1	5324.57	0
91.281	1	1	1	5324.57	0
91.321	1	1	1	5324.57	0
91.361	1	1	1	5324.57	0
91.401	1	1	1	5324.57	0
91.441	1	1	1	5324.57	0
91.481	1	1	1	5324.57	0
91.521	1	1	1	5324.57	0
91.561	1	1	1	5324.57	0
91.601	1	1	1	5324.57	0
91.641	1	1	1	5324.57	0
91.681	1	1	1	5324.57	0
91.721	1	1	1	5324.57	0
91.761	1	1	1	5324.57	0
91.801	1	1	1	5324.57	0
91.841	1	1	1	5324.57	0
91.881	1	1	1	5324.57	0
91.921	1	1	1	5324.57	0
91.961	1	1	1	5324.57	0
92.001	1	1	1	5324.57	0
92.041	1	1	1	5324.57	0
92.081	1	1	1	5324.57	0
92.121	1	1	1	5324.57	0
92.161	1	1	1	5324.57	0
92.201	1	1	1	5324.57	0
92.241	1	1	1	5324.57	0
92.281	1	1	1	5324.57	0
92.321	1	1	1	5324.57	0
92.361	1	1	1	5324.57	0
92.401	1	1	1	5324.57	0
92.441	1	1	1	5324.57	0
92.481	1	1	1	5324.57	0
92.521	1	1	1	5324.57	0
92.561	1	1	1	5324.57	0
92.601	1	1	1	5324.57	0
92.641	1	1	1	5324.57	0
92.681	1	1	1	5324.57	0
92.721	1	1	1	5324.57	0
92.761	1	1	1	5324.57	0
92.801	1	1	1	5324.57	0
92.841	1	1	1	5324.57	0
92.881	1	1	1	5324.57	0
92.921	1	1	1	5324.57	0
92.961	1	1	1	5324.57	0
93.001	1	1	1	5324.57	0
93.041	1	1	1	5324.57	0
93.081	1	1	1	5324.57	0
93.121	1	1	1	5324.57	0
93.161	1	1	1	5324.57	0
93.201	1	1	1	5324.57	0
93.241	1	1	1	5324.57	0
93.281	1	1	1	5324.57	0
93.321	1	1	1	5324.57	0
93.361	1	1	1	5324.57	0
93.401	1	1	1	5324.57	0
93.441	1	1	1	5324.57	0
93.481	1	1	1	5324.57	0
93.521	1	1	1	5324.57	0
93.561	1	1	1	5324.57	0
93.601	1	1	1	5324.57	0
93.641	1	1	1	5324.57	0
93.681	1	1	1	5324.57	0
93.721	1	1	1	5324.57	0
93.761	1	1	1	5324.57	0
93.801	1	1	1	5324.57	0
93.841	1	1	1	5324.57	0
93.881	1	1	1	5324.57	0
93.921	1	1	1	5324.57	0
93.961	1	1	1	5324.57	0
94.001	1	1	1	5324.57	0
94.041	1	1	1	5324.57	0
94.081	1	1	1	5324.57	0
94.121	1	1	1	5324.57	0
94.161	1	1	1	5324.57	0
94.201	1	1	1	5324.57	0
94.241	1	1	1	5324.57	0
94.281	1	1	1	5324.57	0
94.321	1	1	1	5324.57	0
94.361	1	1	1	5324.57	0
94.401	1	1	1	5324.57	0
94.441	1	1	1	5324.57	0
94.481	1	1	1	5324.57	0
94.521	1	1	1	5324.57	0
94.561	1	1	1	5324.57	0
94.601	1	1	1	5324.57	0
94.641	1	1	1	5324.57	0
94.681	1	1	1	5324.57	0
94.721	1	1	1	5324.57	0
94.761	1	1	1	5324.57	0
94.801	1	1	1	5324.57	0
94.841	1	1	1	5324.57	0
94.881	1	1	1	5324.57	0
94.921	1	1	1	5324.57	0
94.961	1	1	1	5324.57	0
95.001	1	1	1	5324.57	0
95.041	1	1	1	5324.57	0
95.081	1	1	1	5324.57	0
95.121	1	1	1	5324.57	0
95.161	1	1	1	5324.57	0
95.201	1	1	1	5324.57	0
95.241	1	1	1	5324.57	0
95.281	1	1	1	5324.57	0
95.321	1	1	1	5324.57	0
95.361	1	1	1	5324.57	0
95.401	1	1	1	5324.57	0
95.441	1	1	1	5324.57	0
95.481	1	1	1	5324.57	0
95.521	1	1	1	5324.57	0
95.561	1	1	1	5324.57	0
95.601	1	1	1	5324.57	0
95.641	1	1	1	5324.57	0
95.681	1	1	1	5324.57	0
95.721	1	1	1	5324.57	0
95.761	1	1	1	5324.57	0
95.801	1	1	1	5324.57	0
95.841	1	1	1	5324.57	0
95.881	1	1	1	5324.57	0
95.921	1	1	1	5324.57	0
95.961	1	1	1	5324.57	0
96.001	1	1	1	5324.57	0
96.041	1	1	1	5324.57	0
96.081	1	1	1	5324.57	0
96.121	1	1	1	5324.57	0
96.161	1	1	1	5324.57	0
96.201	1	1	1	5324.57	0
96.241	1	1	1	5324.57	0
96.281	1	1	1	5324.57	0
96.321	1	1	1	5324.57	0
96.361	1	1	1	5324.57	0
96.401	1	1	1	5324.57	0
96.441	1	1	1	5324.57	0
96.481	1	1	1	5324.57	0
96.521	1	1	1	5324.57	0
96.561	1	1	1	5324.57	0
96.601	1	1	1	5324.57	0
96.641	1	1	1	5324.57	0
96.681	1	1	1	5324.57	0
96.721	1	1	1	5324.57	0
96.761	1	1	1	5324.57	0
96.801	1	1	1	5324.57	0
96.841	1	1	1	5324.57	0
96.881	1	1	1	5324.57	0
96.921	1	1	1	5324.57	0
96.961	1	1	1	5324.57	0
97.001	1	1	1	5324.57	0
97.041	1	1	1	5324.57	0
97.081	1	1	1	5324.57	0
97.121	1	1	1	5324.57	0
97.161	1	1	1	5324.57	0
97.201	1	1	1	5324.57	0
97.241	1	1	1	5324.57	0
97.281	1	1	1	5324.57	0
97.321	1	1	1	5324.57	0
97.361	1	1	1	5324.57	0
97.401	1	1	1	5324.57	0
97.441	1	1	1	5324.57	0
97.481	1	1	1	5324.57	0
97.521	1	1	1	5324.57	0
97.561	1	1	1	5324.57	0
97.601	1	1	1	5324.57	0
97.641	1	1	1	5324.57	0
97.681	1	1	1	5324.57	0
97.721	1	1	1	5324.57	0
97.761	1	1	1	5324.57	0
97.801	1	1	1	5324.57	0
97.841	1	1	1	5324.57	0
97.881	1	1	1	5324.57	0
97.921	1	1	1	5324.57	0
97.961	1	1	1	5324.57	0
98.001	1	1	1	5324.57	0
98.041	1	1	1	5324.57	0
98.081	1	1	1	5324.57	0
98.121	1	1	1	5324.57	0
98.161	1	1	1	5324.57	0
98.201	1	1	1	5324.57	0
98.241	1	1	1	5324.57	0
98.281	1	1	1	5324.57	0
98.321	1	1	1	5324.57	0
98.361	1	1	1	5324.57	0
98.401	1	1	1	5324.57	0
98.441	1	1	1	5324.57	0
98.481	1	1	1	5324.57	0
98.521	1	1	1	5324.57	0
98.561	1	1	1	5324.57	0
98.601	1	1	1	5324.57	0
98.641	1	1	1	5324.57	0
98.681	1	1	1	5324.57	0
98.721	1	1	1	5324.57	0
98.761	1	1	1	5324.57	0
98.801	1	1	1	5324.57	0
98.841	1	1	1	5324.57	0
98.881	1	1	1	5324.57	0
98.921	1	1	1	5324.57	0
98.961	1	1	1	5324.57	0
99.001	1	1	1	5324.57	0
99.041	1	1	1	5324.57	0
99.081	1	1	1	5324.57	0
99.121	1	1	1	5324.57	0
99.161	1	1	1	5324.57	0
99.201	1	1	1	5324.57	0
99.241	1	1	1	5324.57	0
99.281	1	1	1	5324.57	0
99.321	1	1	1	5324.57	0
99.361	1	1	1	5324.57	0
99.401	1	1	1	5324.57	0
99.441	1	1	1	5324.57	0
99.481	1	1	1	5324.57	0
99.521	1	1	1	5324.57	0
99.561	1	1	1	5324.57	0
99.601	1	1	1	5324.57	0
99.641	1	1	1	5324.57	0
99.681	1	1	1	5324.57	0
99.721	1	1	1	5324.57	0
99.761	1	1	1	5324.57	0
99.801	1	1	1	5324.57	0
99.841	1	1	1	5324.57	0
99.881	1	1	1	5324.57	0
99.921	1	1	1	5324.57	0
99.961	1	1	1	5324.57	0
